7.616800964477876690e-02 7.630790134931798863e-02 7.363190470497235629e-02 6.792072949864781661e-02 6.408199543591690250e-02 6.788777518254224264e-02 7.339205614145768997e-02 7.993760130149173138e-02 8.771578921713152344e-02 9.674850298128198633e-02 1.080190801549551632e-01 1.217032393620273295e-01 1.391804405593812244e-01 1.589953842811491491e-01 1.803663276800000770e-01 2.033069401287160571e-01 2.278252888417591770e-01 2.539239626077349210e-01 2.816000313643845510e-01 3.108450047171270603e-01 3.416450851809592626e-01 3.739808602291538331e-01 4.078271753041328718e-01 4.431537406462766615e-01
7.597677382622515518e-02 7.611541958968140453e-02 7.347042134186478057e-02 6.783817813780150530e-02 6.408907339893107902e-02 6.790750929644964740e-02 7.341929303667331375e-02 7.998081356058085734e-02 8.776854669481717885e-02 9.681677819641336391e-02 1.081055421158258339e-01 1.217915064685965165e-01 1.392994609513211746e-01 1.591693329017017378e-01 1.806085407420174593e-01 2.036326001990647894e-01 2.282516922536724779e-01 2.544705961178691522e-01 2.822888503785320746e-01 3.117004260705733554e-01 3.426944829782577195e-01 3.752544488229573871e-01 4.093583895334759193e-01 4.449794313730112139e-01
7.698202103753666592e-02 7.683924629758744074e-02 7.398285928103451314e-02 6.827815505670034590e-02 6.454391706537708495e-02 6.821394642590787594e-02 7.379809224160274739e-02 8.043354955377562954e-02 8.829847000815378710e-02 9.743756398849126588e-02 1.088321872125448814e-01 1.226546237854495291e-01 1.403053717044830118e-01 1.604257622608500078e-01 1.821603879681967797e-01 2.055302080562622924e-01 2.305511836860942299e-01 2.572343802766086096e-01 2.855858565484008516e-01 3.156068399013250980e-01 3.472940183679662507e-01 3.806388900692107558e-01 4.156283222275975464e-01 4.522444613365512178e-01
7.708773746275909833e-02 7.683826939031244974e-02 7.399724346029597222e-02 6.850405597063097263e-02 6.504515509739268453e-02 6.869684803841866194e-02 7.439564642875159950e-02 8.114793825663239868e-02 8.914019667583079898e-02 9.841266328702193145e-02 1.099685275940374823e-01 1.239994068753394602e-01 1.418666602207561411e-01 1.623687375127387533e-01 1.845522226472959548e-01 2.084459705579269628e-01 2.340743384275335848e-01 2.614573881194753313e-01 2.906108209330354741e-01 3.215460620394032798e-01 3.542705700635187527e-01 3.887873972334522921e-01 4.250956204960132934e-01 4.631904051413923140e-01
7.455317591903797003e-02 7.475830636489090575e-02 7.255337521723395633e-02 6.791504557529760844e-02 6.527605852069523484e-02 6.931915202440448731e-02 7.516003502412518800e-02 8.206123996238849638e-02 9.020706063036129652e-02 9.968379817494137096e-02 1.114456614781141608e-01 1.257309586999553475e-01 1.438841887343004222e-01 1.648639884128052513e-01 1.876066738796685895e-01 2.121503128492462642e-01 2.385290911764825772e-01 2.667734216906150757e-01 2.969100295019510560e-01 3.289619860845507393e-01 3.629490983029581286e-01 3.988874813343669667e-01 4.367898193295192133e-01 4.766657551625399503e-01
7.255201974085387362e-02 7.309343364550581479e-02 7.142108521551626676e-02 6.756466822058256050e-02 6.568924766517199310e-02 7.003705599890208688e-02 7.605234642005297141e-02 8.313968733596026339e-02 9.146967994560006865e-02 1.011728864215636903e-01 1.131697568298403872e-01 1.277518382679542763e-01 1.462346502058442521e-01 1.677517139835319471e-01 1.911201350530637999e-01 2.163874997300129222e-01 2.435980744551262955e-01 2.727930025872524200e-01 3.040102777482296403e-01 3.372847568995343548e-01 3.726487592154441586e-01 4.101313993325275686e-01 4.497590289084970050e-01 4.915555952723854038e-01
7.116399905816368776e-02 7.192575139898771397e-02 7.067146002511862091e-02 6.749157688335018224e-02 6.628070143418006432e-02 7.082755959501270404e-02 7.704261961274248838e-02 8.431555260083971326e-02 9.285079193258800878e-02 1.028018396149808222e-01 1.150629154731503401e-01 1.299771281944729073e-01 1.488256751947005241e-01 1.709127399574285056e-01 1.949413394730092342e-01 2.209683409353470906e-01 2.490477801085640153e-01 2.792309850957033768e-01 3.115667518302951966e-01 3.461011408575488391e-01 3.828782809491043659e-01 4.219395149444653548e-01 4.633239485139001856e-01 5.070688997321691760e-01
6.959625906602702472e-02 7.063868289005779955e-02 6.986406563646328782e-02 6.741175563072634991e-02 6.689233994906301772e-02 7.166604542686721979e-02 7.806938522970496841e-02 8.554849718668702807e-02 9.430504704921602310e-02 1.045279030283169236e-01 1.170754710831840573e-01 1.323364237981382308e-01 1.515645846781637218e-01 1.742328511964831017e-01 1.989310648040086282e-01 2.257247094743019267e-01 2.546769170321154796e-01 2.858484534413829881e-01 3.192980131971681623e-01 3.550819674078630750e-01 3.932550457593494975e-01 4.338697884705401964e-01 4.769768572203225698e-01 5.226252737738212861e-01
6.802776600357657300e-02 6.937178259097186162e-02 6.909096743683709740e-02 6.736266745793892396e-02 6.751379007692517864e-02 7.251144837463478765e-02 7.911877536109275522e-02 8.681744607915999057e-02 9.581061310083263671e-02 1.063098344732192752e-01 1.191498650177230390e-01 1.347636871773920664e-01 1.543839398448826339e-01 1.776308808731830446e-01 2.029925308455650668e-01 2.305422399807411926e-01 2.603513612316933346e-01 2.924892537518233304e-01 3.270235110678361701e-01 3.640197074313103465e-01 4.035421721479173218e-01 4.456532827120056051e-01 4.904138709864561130e-01 5.378835282378801042e-01
6.647096642709980630e-02 6.813481309850445700e-02 6.835520639456606207e-02 6.733610693821993898e-02 6.812920460941095102e-02 7.335066795724591582e-02 8.017946995714568537e-02 8.810254592359792469e-02 9.733264618382703182e-02 1.081093126546326944e-01 1.212489881986176105e-01 1.372255153107826420e-01 1.572481356549240705e-01 1.810649498592850626e-01 2.070768955794570210e-01 2.353644737384948671e-01 2.660064478228764129e-01 2.990798414176071840e-01 3.346602234682001797e-01 3.728213644972375174e-01 4.136360706609509275e-01 4.571754996930750270e-01 5.035094092808111155e-01 5.527066144876870979e-01
6.489468280853089022e-02 6.690208735820521446e-02 6.763498927278373263e-02 6.731312238153679128e-02 6.872655019285754674e-02 7.418504470902687054e-02 8.123797499413153156e-02 8.938147925892719892e-02 9.884990162583930096e-02 1.099095322664812718e-01 1.233573929144069908e-01 1.396992709636281360e-01 1.601234434245169258e-01 1.844968120119133415e-01 2.111412387046118500e-01 2.401437092435271259e-01 2.715895472630557861e-01 3.055627099541455838e-01 3.421457910258179358e-01 3.814199788754833453e-01 4.234655775111212384e-01 4.683613938603905513e-01 5.161850864005500528e-01 5.670135740607016306e-01
6.335434690651345346e-02 6.571469366165323678e-02 6.695597737794166393e-02 6.730512838260219177e-02 6.930857155999389785e-02 7.501126749426061113e-02 8.227912005899074011e-02 9.064281188860293104e-02 1.003543818971754376e-01 1.117011683535165251e-01 1.254575567438141748e-01 1.421602788109552207e-01 1.629826828228559954e-01 1.878965085592176620e-01 2.151529213637264071e-01 2.448446406922224483e-01 2.770631148724494452e-01 3.118982951495220535e-01 3.494392653688973560e-01 3.897736530652258224e-01 4.329884143478373026e-01 4.791691725052337758e-01 5.284006782938169833e-01 5.807669985380722322e-01
6.190517703117230652e-02 6.461312378398131884e-02 6.634338599926932478e-02 6.732393035741164600e-02 6.987789162495905426e-02 7.582209320721093604e-02 8.329767167629059665e-02 9.188467634349892221e-02 1.018430185067602106e-01 1.134733386241671416e-01 1.275361076096450386e-01 1.445950098109270998e-01 1.658106898237121096e-01 1.912481211447965290e-01 2.190955717440230821e-01 2.494509877918607288e-01 2.824111794803578213e-01 3.180717497316615794e-01 3.565273514788924736e-01 3.978714637783790087e-01 4.421971070048102970e-01 4.895959873969962795e-01 5.401589995934921173e-01 5.939765248528110497e-01
6.055886754131884625e-02 6.360326606779941050e-02 6.579787260054970055e-02 6.736731107410713626e-02 7.043187284373658708e-02 7.661222152666134766e-02 8.429525907146624697e-02 9.310650246344777392e-02 1.033089243685876846e-01 1.152188485644031618e-01 1.295843515758105802e-01 1.469953065354467070e-01 1.686002640046231904e-01 1.945449413361354241e-01 2.229633471569042180e-01 2.539582193419058220e-01 2.876311848739604438e-01 3.240829512262014545e-01 3.634133095243268219e-01 4.057210157058029343e-01 4.511043967186660897e-01 4.996606478911191918e-01 5.514862954035382181e-01 6.066773991728646731e-01
5.930855133245587635e-02 6.267720589551395438e-02 6.531172811463016592e-02 6.743013460778962687e-02 7.096966049597665249e-02 7.738246075642579713e-02 8.527208065607613796e-02 9.430575045206401885e-02 1.047481663307674726e-01 1.169331507263943748e-01 1.315987376337902914e-01 1.493557974398440624e-01 1.713455103723708350e-01 1.977816285145890252e-01 2.267518505080658997e-01 2.583632807923947894e-01 2.927220055685166855e-01 3.299333585331603036e-01 3.701017149136808237e-01 4.133306423506551419e-01 4.597233614629558374e-01 5.093820688025388899e-01 5.624081822738102865e-01 6.189029892926882770e-01
5.814202653674305221e-02 6.182298493701934156e-02 6.487461489699657136e-02 6.750616500736236758e-02 7.149025104614351034e-02 7.813418286913975663e-02 8.622870903922751074e-02 9.547958081743170011e-02 1.061594480789640471e-01 1.186148258872042754e-01 1.335764456953852375e-01 1.516725890945608557e-01 1.740386269964006583e-01 2.009504751829627733e-01 2.304537450436442703e-01 2.626595446131755884e-01 2.976781100512845835e-01 3.356188747149835838e-01 3.765906006042450960e-01 4.207011868926624487e-01 4.680582804962771792e-01 5.187685231608605285e-01 5.729380565107211609e-01 6.306725955614852497e-01
5.706146889461316540e-02 6.104083220276505101e-02 6.448595653464551936e-02 6.759605730539348933e-02 7.199609518368223215e-02 7.886856415327932190e-02 8.716429204641858164e-02 9.662847560560165749e-02 1.075418392741517570e-01 1.202640737295376377e-01 1.355155545669015638e-01 1.539439410505566985e-01 1.766773669202540975e-01 2.040499834819085867e-01 2.340685677479662219e-01 2.668479997855599528e-01 3.025022835419974854e-01 3.411446903349650839e-01 3.828879756690753977e-01 4.278439252305463181e-01 4.761244432192611731e-01 5.278401345868327654e-01 5.831013663462920604e-01 6.420182087197026100e-01
5.606528777438107153e-02 6.032805809704926830e-02 6.414299627193612019e-02 6.769879145234133921e-02 7.248805563930334206e-02 7.958528715110262108e-02 8.807838719401379912e-02 9.775233247550110804e-02 1.088960295317976112e-01 1.218783782749995326e-01 1.374152803053293737e-01 1.561676608187632653e-01 1.792610787303955677e-01 2.070803301212986447e-01 2.375977046713677876e-01 2.709314400592504057e-01 3.071991054008012534e-01 3.465176091485160925e-01 3.890032008940836894e-01 4.347715129874780149e-01 4.839381435178261026e-01 5.366175370872083850e-01 5.929238676893782145e-01 6.529711467214336373e-01
5.515635791519607478e-02 5.968631473922342279e-02 6.384703760006953110e-02 6.781649619519963812e-02 7.296895646308863836e-02 8.028494535279716293e-02 8.897133921729023787e-02 9.885142647240446889e-02 1.102213962859486113e-01 1.234592484456591005e-01 1.392750911081770682e-01 1.583450492464397730e-01 1.817897438175786473e-01 2.100423325632383709e-01 2.410429179274335421e-01 2.749129612885441998e-01 3.117733289047040501e-01 3.517442089418642004e-01 3.949453887810696617e-01 4.414957555766803043e-01 4.915144236882914575e-01 5.451195731249894871e-01 6.024287492727695703e-01 6.635596703459257784e-01
5.432204586173727118e-02 5.910456938172577168e-02 6.358977277421618002e-02 6.794504724771074922e-02 7.343858174889161816e-02 8.096889284687068533e-02 8.984469363854795387e-02 9.992740220130301443e-02 1.115184261251650905e-01 1.250062494280063663e-01 1.410948823419132248e-01 1.604751085109464848e-01 1.842633789937217215e-01 2.129366663762772283e-01 2.444057868552016177e-01 2.787952259882300332e-01 3.162289565027799898e-01 3.568302906379958173e-01 4.007220794496522687e-01 4.480266187317435422e-01 4.988661892084641503e-01 5.533620990437702059e-01 6.116355278503180504e-01 6.738073732344346256e-01
5.356051358712927979e-02 5.858094977087655725e-02 6.337000548402231537e-02 6.808480576537902229e-02 7.389848531237257212e-02 8.163753616570636196e-02 9.069866221446445942e-02 1.009797031607220230e-01 1.127880940392507053e-01 1.265199302699712702e-01 1.428760278608704193e-01 1.625621732469068881e-01 1.866826543639716618e-01 2.157646469108955578e-01 2.476884559506674910e-01 2.825814619370431990e-01 3.205704613783748047e-01 3.617817781558546608e-01 4.063412107839531884e-01 4.543741020907874906e-01 5.060056395818599562e-01 5.613604568882939461e-01 6.205626097983205636e-01 6.837362333662212466e-01
5.286395721701476341e-02 5.810879264241682052e-02 6.318290881454401153e-02 6.823370976864069626e-02 7.434890240363381531e-02 8.229152007986290096e-02 9.153444028435672730e-02 1.020092084448990660e-01 1.140307068059425860e-01 1.280007747181766409e-01 1.446193132251382962e-01 1.646008566618619717e-01 1.890489439571251540e-01 2.185283457646383654e-01 2.508939091392464737e-01 2.862756240585113687e-01 3.248031146438181138e-01 3.666053470871694642e-01 4.118111290697940019e-01 4.605483790594535609e-01 5.129454166162634721e-01 5.691297100248985386e-01 6.292281148453131578e-01 6.933678453852079038e-01
5.222828836907521949e-02 5.768465913899491204e-02 6.302629360332741293e-02 6.839150429407231391e-02 7.479104314851589552e-02 8.293177705456915294e-02 9.235214369696637116e-02 1.030171579097459711e-01 1.152465286891654755e-01 1.294500235355983964e-01 1.463247914014662032e-01 1.665951122344616342e-01 1.913637581588637782e-01 2.212299364004018665e-01 2.540249862700329486e-01 2.898815480592148996e-01 3.289317812084702197e-01 3.713073076137720641e-01 4.171395278274330765e-01 4.665591619859195682e-01 5.196971726351443666e-01 5.766836611591941164e-01 6.376485602752727244e-01 7.027215962529128612e-01
5.164233151320178627e-02 5.729923283499656350e-02 6.289350760510502292e-02 6.855486835018802239e-02 7.522468553936494107e-02 8.355991347276944814e-02 9.315289748003098558e-02 1.040037497280959095e-01 1.164366908373935805e-01 1.308687160887108403e-01 1.479934922373095096e-01 1.685458275757560354e-01 1.936277436350370695e-01 2.238704604989618652e-01 2.570833716189362961e-01 2.934015399161362114e-01 3.329595920970039313e-01 3.758916791376780142e-01 4.223316942378763095e-01 4.724128977324243417e-01 5.262687997466960477e-01 5.840322583116148714e-01 6.458355462203760888e-01 7.118112866208535783e-01
5.110978356869112088e-02 5.695559608240204769e-02 6.278717764852809191e-02 6.872620691370960599e-02 7.565137994477418026e-02 8.417503096366124593e-02 9.393771728171029789e-02 1.049699855560943945e-01 1.176024714603165766e-01 1.322572065417648435e-01 1.496266779201970432e-01 1.704549004219563790e-01 1.958427717837895876e-01 2.264524223143828952e-01 2.600722156646897432e-01 2.968395903073821063e-01 3.368915102334896772e-01 3.803644836432203968e-01 4.273948273117578189e-01 4.781182815624185900e-01 5.326707822228565758e-01 5.911875684082729121e-01 6.538034956986383817e-01 7.206536594387510375e-01
5.062508147158451682e-02 5.664923386411861023e-02 6.270424644702439487e-02 6.890436507919547870e-02 7.607151138534722079e-02 8.477796463181373754e-02 9.470622355483977739e-02 1.059163758165326957e-01 1.187437942598792151e-01 1.336163561809622646e-01 1.512254870681190300e-01 1.723225525132657809e-01 1.980096452839522070e-01 2.289769013713215118e-01 2.629930777040288548e-01 3.001977915716479428e-01 3.407302365330065475e-01 3.847293078251392551e-01 4.323334641844613357e-01 4.836808767407647647e-01 5.389097004957059678e-01 5.981575856047171014e-01 6.615619154792286016e-01 7.292599726770035984e-01
5.017791396983969227e-02 5.637171760102398926e-02 6.263873699429058084e-02 6.908633448350380568e-02 7.648484096203891913e-02 8.537056635165665708e-02 9.545939263591711466e-02 1.068433401206171640e-01 1.198614832728397417e-01 1.349474087303880743e-01 1.527903881504436290e-01 1.741507830374710575e-01 2.001302673956723843e-01 2.314463801314221580e-01 2.658489974864739480e-01 3.034798728820813918e-01 3.444803962119029062e-01 3.889915426977033075e-01 4.371540667901749888e-01 4.891082463891731624e-01 5.449945868662928739e-01 6.049530398101238271e-01 6.691229622114951425e-01 7.376441798807285011e-01
4.977333337188896006e-02 5.612718896040831684e-02 6.259391238398186175e-02 6.927441995978121658e-02 7.689218129859431983e-02 8.595087367605214190e-02 9.619813628314279053e-02 1.077520681409657177e-01 1.209570101629235256e-01 1.362507343619084044e-01 1.543229514258366020e-01 1.759405232222287230e-01 2.022055956158874401e-01 2.338621264455635895e-01 2.686416770212771699e-01 3.066880363134258936e-01 3.481446251326333341e-01 3.931545233729205613e-01 4.418606592985598325e-01 4.944054348807624955e-01 5.509314166065983898e-01 6.115807317963722900e-01 6.764949680229854767e-01 7.458160420656995138e-01
4.940445296765649807e-02 5.591027449785656439e-02 6.256624542574874825e-02 6.946737959902855863e-02 7.729433603017510368e-02 8.652125051191746075e-02 9.692238992344483217e-02 1.086427292258209526e-01 1.220301752434771875e-01 1.375276086731666569e-01 1.558242286080319949e-01 1.776932617180308205e-01 2.042376887594088419e-01 2.362266749930411747e-01 2.713741484365164158e-01 3.098258927207097058e-01 3.517273007019128261e-01 3.972235484148254892e-01 4.464594401235745802e-01 4.995795242862480778e-01 5.567284352648826928e-01 6.180502967082125432e-01 6.836887893206325950e-01 7.537880383664180561e-01
4.906538311146906722e-02 5.571594054342739882e-02 6.255191182058568444e-02 6.966276734686371874e-02 7.769010296742494270e-02 8.708116621498240839e-02 9.763283110257701958e-02 1.095156494128574493e-01 1.230821773776812345e-01 1.387788744075902914e-01 1.572945075697223805e-01 1.794097706420304528e-01 2.062275912401241584e-01 2.385413677197867066e-01 2.740481354196582231e-01 3.128955818854970983e-01 3.552310841507321237e-01 4.012016929977054169e-01 4.509542317395063837e-01 5.046350685692306826e-01 5.623909947019281041e-01 6.243679711117029463e-01 6.907118553549279616e-01 7.615686072650720284e-01
4.875699210052999999e-02 5.554519434510801768e-02 6.255207105664134515e-02 6.986205009064887228e-02 7.808087812673231154e-02 8.763125672704090430e-02 9.833015002806934357e-02 1.103723524162476127e-01 1.241134687553976518e-01 1.400049160396396597e-01 1.587353668877505286e-01 1.810912169279939865e-01 2.081769482041720687e-01 2.408081713466686258e-01 2.766660589765064793e-01 3.159001039265012523e-01 3.586594954752557740e-01 4.050931255338152126e-01 4.553497929479561335e-01 5.095778105337016584e-01 5.679257148195110405e-01 6.305414794406994927e-01 6.975728028462430119e-01 7.691676691156418277e-01
4.847376197673374659e-02 5.539338040595048751e-02 6.256325269305708370e-02 7.006313058067262234e-02 7.846584750504527472e-02 8.817161524300773379e-02 9.901442141254454543e-02 1.112120549321012480e-01 1.251248468619624021e-01 1.412070281972743202e-01 1.601477326389554035e-01 1.827392482908145599e-01 2.100868744818052969e-01 2.430285518647329057e-01 2.792296516086359981e-01 3.188414457038893368e-01 3.620149627377547974e-01 4.089008552171892741e-01 4.596497684749976664e-01 5.144117364270867077e-01 5.733373278763455039e-01 6.365762043234759471e-01 7.042781758069097675e-01 7.765927880761765989e-01
4.821451237366933956e-02 5.525972781865168965e-02 6.258517684520542579e-02 7.026636695827172263e-02 7.884573478794722201e-02 8.870292349058059300e-02 9.968620709729354712e-02 1.120363416814419144e-01 1.261167046323524998e-01 1.423856080542768021e-01 1.615322606486130075e-01 1.843543465574239426e-01 2.119586704325155668e-01 2.452040785721351368e-01 2.817408269576374691e-01 3.217219766288504368e-01 3.653002488021234728e-01 4.126280899075405184e-01 4.638578073372660038e-01 5.191413799741138035e-01 5.786310420913687302e-01 6.424782340845901496e-01 7.108345326736413838e-01 7.838514069148397878e-01
4.797961952019431930e-02 5.514463698765945804e-02 6.261835361744376438e-02 7.047226289657911036e-02 7.922088679444630466e-02 8.922486104185076150e-02 1.003457303530435468e-01 1.128452324213241875e-01 1.270899315917615180e-01 1.435417048005247220e-01 1.628900043824918487e-01 1.859380415807884435e-01 2.137938044939811932e-01 2.473364674091354520e-01 2.842016585809088447e-01 3.245441375775274806e-01 3.685183121525085759e-01 4.162782728717094871e-01 4.679780842046315503e-01 5.237713555912059116e-01 5.838121076822059274e-01 6.482535954278280110e-01 7.172489891926664418e-01 7.909515649178046059e-01
4.776440920464695289e-02 5.504425910368196395e-02 6.265998714612842913e-02 7.067934319972776769e-02 7.959105941899181913e-02 8.973823387854783229e-02 1.009937450468988834e-01 1.136392742133546796e-01 1.280448178862029496e-01 1.446757927075104366e-01 1.642218985291892530e-01 1.874912512502197315e-01 2.155933142482604759e-01 2.494270451334976713e-01 2.866137807192884468e-01 3.273098846374901671e-01 3.716713718809536160e-01 4.198540507741550520e-01 4.720135636615276353e-01 5.283052602317099833e-01 5.888846994546088620e-01 6.539070165203888507e-01 7.235269150749606970e-01 7.978993957967627226e-01
4.756756757469933483e-02 5.495762051725709002e-02 6.270944874775256916e-02 7.088740693123442294e-02 7.995632077990898201e-02 9.024306248979502287e-02 1.016299419822451616e-01 1.144188226036862155e-01 1.289822317315544031e-01 1.457885834585687934e-01 1.655285018603387948e-01 1.890147512800502139e-01 2.173582447964875208e-01 2.514770817179590168e-01 2.889786624433768880e-01 3.300209527101070073e-01 3.747615804538337869e-01 4.233578704152247130e-01 4.759672361962646869e-01 5.327464131728329999e-01 5.938528234418131158e-01 6.594429884704657852e-01 7.296733581844773164e-01 8.047007490656883366e-01
4.738882359471487810e-02 5.488452572261418028e-02 6.276676981886987472e-02 7.109671454495207488e-02 8.031698691562430548e-02 9.073947805222729035e-02 1.022551836561339661e-01 1.151843941570298985e-01 1.299025416440580671e-01 1.468809593920453460e-01 1.668109922047064375e-01 1.905100806365045141e-01 2.190901868088438731e-01 2.534884400460454268e-01 2.912985486063451313e-01 3.326799648776859186e-01 3.777919092692932357e-01 4.267933138662617365e-01 4.798430474924233469e-01 5.370994908189595796e-01 5.987215331568435106e-01 6.648674266823241252e-01 7.356952463768527961e-01 8.113630715729437393e-01
4.722627462495229689e-02 5.482348588377689708e-02 6.283095435752954205e-02 7.130680778279402388e-02 8.067312083076721985e-02 9.122778950785871699e-02 1.028698176855162988e-01 1.159363629900040243e-01 1.308062503924517783e-01 1.479534167513857912e-01 1.680697006340023947e-01 1.919773767424499678e-01 2.207897265399688391e-01 2.554618011897514807e-01 2.935742355950908822e-01 3.352879567762621082e-01 3.807636350271021430e-01 4.301618233216639164e-01 4.836427378013199441e-01 5.413664543646324878e-01 6.034933815677450131e-01 6.701831779217123364e-01 7.415954850137510546e-01 8.178900697691376953e-01
4.707760617328316660e-02 5.477260386727129948e-02 6.290059488282702393e-02 7.151695163593842219e-02 8.102455004943881489e-02 9.170829807489483398e-02 1.034739180423071281e-01 1.166753162727736798e-01 1.316938986044924875e-01 1.490065875298040576e-01 1.693058202113067179e-01 1.934180987544948382e-01 2.224582862634088276e-01 2.573989493009019580e-01 2.958078238956936556e-01 3.378473198884992534e-01 3.836796015046516350e-01 4.334665503447512891e-01 4.873700940785948288e-01 5.455515491703450959e-01 6.081729467339566098e-01 6.753955071287363054e-01 7.473802365495489930e-01 8.242885542752942385e-01
4.694269153291674712e-02 5.473189474311598857e-02 6.297588801172201989e-02 7.172743334739198340e-02 8.137159720766931614e-02 9.218111985006266496e-02 1.040676675055857980e-01 1.174014390817905151e-01 1.325658996816063695e-01 1.500409357528554033e-01 1.705198571705282828e-01 1.948327589440746466e-01 2.240965601177881128e-01 2.593006608460925455e-01 2.980002765838301038e-01 3.403591851673497537e-01 3.865410327600697915e-01 4.367091356097380084e-01 4.910267724047868709e-01 5.496569211876780603e-01 6.127628562722778893e-01 6.805072791226958184e-01 7.530527209645797582e-01 8.305620397898202389e-01
4.682083754967913958e-02 5.470082222896003460e-02 6.305648087822222914e-02 7.193820118559983434e-02 8.171434683928194276e-02 9.264633679377412556e-02 1.046516866185497607e-01 1.181151017666298986e-01 1.334228638792102906e-01 1.510572943685999925e-01 1.717124761561046598e-01 1.962226070792907617e-01 2.257058807580671067e-01 2.611685180683094298e-01 3.001534066558084746e-01 3.428257401922034653e-01 3.893505334546788488e-01 4.398924374484326494e-01 4.946162606590084332e-01 5.536862616100007850e-01 6.172672020813244620e-01 6.855232383364506799e-01 7.586183268452495465e-01 8.367167268173116845e-01
4.671000361621062413e-02 5.467769301985792030e-02 6.314122061163238153e-02 7.214865991885881236e-02 8.205280494983921424e-02 9.310450258730665341e-02 1.052261135380633122e-01 1.188166774107413393e-01 1.342651971668318012e-01 1.520561552982909459e-01 1.728843074368889288e-01 1.975880098236428573e-01 2.272870230398577607e-01 2.630034408214897979e-01 3.022683553643796261e-01 3.452482322913575929e-01 3.921094729017704505e-01 4.430181853615027254e-01 4.981404297540129589e-01 5.576418995060753447e-01 6.216887498907557319e-01 6.904464862031508554e-01 7.640804879085364432e-01 8.427563365202643819e-01
4.660899181652365664e-02 5.466158416285079452e-02 6.322937333221917422e-02 7.235842780182663581e-02 8.238687204039334133e-02 9.355561029598359613e-02 1.057910977018318155e-01 1.195067393361447794e-01 1.350933510017818806e-01 1.530377419525289773e-01 1.740360222976384819e-01 1.989297359805404786e-01 2.288402643713941531e-01 2.648058076038198871e-01 3.043455316945160027e-01 3.476272237682488386e-01 3.948186150871164091e-01 4.460871462341888805e-01 5.016002858408489251e-01 5.615249326139910568e-01 6.260286290391824382e-01 6.952783788625874761e-01 7.694407292872308401e-01 8.486827401188542508e-01
4.651829336505734075e-02 5.465296221368749069e-02 6.332149648584600721e-02 7.256795828593046171e-02 8.271684660194897343e-02 9.399968610651186773e-02 1.063468701184661636e-01 1.201852839450573834e-01 1.359075613554606710e-01 1.540030084917640152e-01 1.751684098878052709e-01 2.002489609650712210e-01 2.303676916041397238e-01 2.665780274048180076e-01 3.063877433611753021e-01 3.499659497314613343e-01 3.974816496269240607e-01 4.491036196024754124e-01 5.050005384146438736e-01 5.653407478911434136e-01 6.302930886088911056e-01 7.000257731141721340e-01 7.747068597089622477e-01 8.545045464206122432e-01
4.643740641927764090e-02 5.465139432043821660e-02 6.341724792558260659e-02 7.277718722602455337e-02 8.304279235183537056e-02 9.443687169255987612e-02 1.068940692564040451e-01 1.208528950223798359e-01 1.367083638368589704e-01 1.549523030693137904e-01 1.762818583873670686e-01 2.015460482754198035e-01 2.318693277886720583e-01 2.683201516476545478e-01 3.083950982691408549e-01 3.522645767474311129e-01 4.000987685300102514e-01 4.520677875318012129e-01 5.083415230725072398e-01 5.690897021480949558e-01 6.344824692760850926e-01 7.046892131418636129e-01 7.798793603649559758e-01 8.602224538695785183e-01
4.636326985600533468e-02 5.465443354682666260e-02 6.351487242958527013e-02 7.298509229511306040e-02 8.336459608384780284e-02 9.486789896898727148e-02 1.074325179403029101e-01 1.215095398674612831e-01 1.374962692014935761e-01 1.558858298887804972e-01 1.773768258545043719e-01 2.028214077789267100e-01 2.333455658388723097e-01 2.700326817366847099e-01 3.103681443736908130e-01 3.545236929181705410e-01 4.026706560009935543e-01 4.549804603397661351e-01 5.116243581835203669e-01 5.727731173139453125e-01 6.385981809800207465e-01 7.092703536395038588e-01 7.849601263982916022e-01 8.658384785119642713e-01
4.630021201430949834e-02 5.466578400135158750e-02 6.361733599611217593e-02 7.319374869559651386e-02 8.368311142155165916e-02 9.529215481273504984e-02 1.079626666315764150e-01 1.221561224549298774e-01 1.382714563193537527e-01 1.568043458809773028e-01 1.784542932544899707e-01 2.040762230011434475e-01 2.347980369028280501e-01 2.717174961443641901e-01 3.123091321366852080e-01 3.567458657428280722e-01 4.052003387089107012e-01 4.578451735556754443e-01 5.148527034888239484e-01 5.763951386895730389e-01 6.426450170418532837e-01 7.137744982605782607e-01 7.899551853193754747e-01 8.713593901139375930e-01
4.624450495927936305e-02 5.468232377061643668e-02 6.372228482929265247e-02 7.340166229025923972e-02 8.399789230266564710e-02 9.571029366951699924e-02 1.084844356691274936e-01 1.227923862343569400e-01 1.390343656264054484e-01 1.577082382717629738e-01 1.795141461602824395e-01 2.053107165309806525e-01 2.362271005943598901e-01 2.733749844807459306e-01 3.142184994766251682e-01 3.589316953120142428e-01 4.076884735209094779e-01 4.606625508739278230e-01 5.180275669102212266e-01 5.799568607591714109e-01 6.466242646731911181e-01 7.182029860576883973e-01 7.948660854865637893e-01 8.767868864069560120e-01
4.619280606347904439e-02 5.470111276656434290e-02 6.382731425609042275e-02 7.360719469431270534e-02 8.430805810047027615e-02 9.612230465101026522e-02 1.089985603884612020e-01 1.234187421200207690e-01 1.397853307068213091e-01 1.585978306052782671e-01 1.805574301677219939e-01 2.065259244290790497e-01 2.376334770916118666e-01 2.750060661012967422e-01 3.160973286839768859e-01 3.610823816469368452e-01 4.101363957344790756e-01 4.634342274695571473e-01 5.211506937141173745e-01 5.834603103817495029e-01 6.505381440765510836e-01 7.225585039709162549e-01 7.996957217232825155e-01 8.821242275367670027e-01
4.614687111457937280e-02 5.472379182372911349e-02 6.393382511155258630e-02 7.381144863465548267e-02 8.461436827528026616e-02 9.652838593734945627e-02 1.095047665588012170e-01 1.240354491558473965e-01 1.405246736157634846e-01 1.594735178191497849e-01 1.815846095356981882e-01 2.077216724465309194e-01 2.390176967838116839e-01 2.766113448878013137e-01 3.179462754741744779e-01 3.631987460713189675e-01 4.125451125915375328e-01 4.661613460427962430e-01 5.242234164811232500e-01 5.869070335986608100e-01 6.543883944477769665e-01 7.268429217242698970e-01 8.044461509669562638e-01 8.873737755667119309e-01
4.612114960492678245e-02 5.476672746037092310e-02 6.406022335589831029e-02 7.403485067764287164e-02 8.493932979917412363e-02 9.695326921479027749e-02 1.100303838473175727e-01 1.246724079001178126e-01 1.412853628448260679e-01 1.603720292199749820e-01 1.826366416368753742e-01 2.089450034595276284e-01 2.404333993075168097e-01 2.782528951728734934e-01 3.198366715222355494e-01 3.653623158885013211e-01 4.150072159824712004e-01 4.689484650571408286e-01 5.273633576475960094e-01 5.904287418936294829e-01 6.583217867955882818e-01 7.312194782999565934e-01 8.092981816943013440e-01 8.927349091066655307e-01
4.611382122474111389e-02 5.482808285896285938e-02 6.420468941200817292e-02 7.427565714662960616e-02 8.528127504766477851e-02 9.739529621381294577e-02 1.105737075044432999e-01 1.253278034363277949e-01 1.420655057112619468e-01 1.612912929989395727e-01 1.837112578520144202e-01 2.101935001590103658e-01 2.418776710191255785e-01 2.799273964718521079e-01 3.217648514932446302e-01 3.675688355618386138e-01 4.175178419381981310e-01 4.717903351885012753e-01 5.305645665932625654e-01 5.940186429302594107e-01 6.623311043713014934e-01 7.356797802163003164e-01 8.142425358317263440e-01 8.981975494234660795e-01
4.612318587778252432e-02 5.490617525258698756e-02 6.436559636310322519e-02 7.453230966298769744e-02 8.563865957750715907e-02 9.785288572286147957e-02 1.111331145144352495e-01 1.259999717131542185e-01 1.428632801256556617e-01 1.622293956310070506e-01 1.848063784313467850e-01 2.114647748951958006e-01 2.433479299772260962e-01 2.816317775472017559e-01 3.237272385862118296e-01 3.698142005743741967e-01 4.200724978173914770e-01 4.746816417894513807e-01 5.338212009851716067e-01 5.976703138964537532e-01 6.664089025145999434e-01 7.402160528583988652e-01 8.192706545150084674e-01 9.037521446335644582e-01
4.614795696657339463e-02 5.499969841830192746e-02 6.454160726738175646e-02 7.480350463853221998e-02 8.601019134889073547e-02 9.832473251302142891e-02 1.117072545722345434e-01 1.266874617306872619e-01 1.436771793078475135e-01 1.631847395071342188e-01 1.859201953588045242e-01 2.127568601120569669e-01 2.448418435492747680e-01 2.833634426072064727e-01 3.257208293862488557e-01 3.720951338303925549e-01 4.226673244420833253e-01 4.776181152720830880e-01 5.371283690771970765e-01 6.013785279430405861e-01 6.705494792142102645e-01 7.448216060530266081e-01 8.243751079703152129e-01 9.093906049898886623e-01
4.618673751148699019e-02 5.510727687464574837e-02 6.473141741092457158e-02 7.508796542328712020e-02 8.639466416400479187e-02 9.880960540352511090e-02 1.122948071345762494e-01 1.273889459869672891e-01 1.445057910568754156e-01 1.641557511634589295e-01 1.870511037239176166e-01 2.140678969319689540e-01 2.463573256159060365e-01 2.851199784980654184e-01 3.277429038861493504e-01 3.744084102531047287e-01 4.252986803588792442e-01 4.805957688203691403e-01 5.404816434846622109e-01 6.051380095592613362e-01 6.747469419967986326e-01 7.494901454278788400e-01 8.295491035061091090e-01 9.151054248862832141e-01
4.623842639859999937e-02 5.522778037451239741e-02 6.493388419286753865e-02 7.538458508451860440e-02 8.679095338834576234e-02 9.930638562154313342e-02 1.128946630805330031e-01 1.281031920599046969e-01 1.453478750736205416e-01 1.651411042949746388e-01 1.881975550273430053e-01 2.153962029238988274e-01 2.478924887917577924e-01 2.868991404625873542e-01 3.297908007305351830e-01 3.767511206827060533e-01 4.279634427534710350e-01 4.836108839346197619e-01 5.438768955934031313e-01 6.089442435841245782e-01 6.789963345318800192e-01 7.542162149377199531e-01 8.347863117395146748e-01 9.208897251593226585e-01
4.630190813669072397e-02 5.536010317648669410e-02 6.514791909463352182e-02 7.569236805110325650e-02 8.719809169395281723e-02 9.981410535574591902e-02 1.135057787026775705e-01 1.288291311728150257e-01 1.462022194672596698e-01 1.661395454490120771e-01 1.893582023551776683e-01 2.167402405152214773e-01 2.494455822650778754e-01 2.886990101543274734e-01 3.318624251239230549e-01 3.791207522984421652e-01 4.306585302650848823e-01 4.866602400013133045e-01 5.473104553424099628e-01 6.127932236681964406e-01 6.832932061122958256e-01 7.589946497992439145e-01 8.400813240878467480e-01 9.267375379977478289e-01
4.637638900743019932e-02 5.550341117844338756e-02 6.537272727446151455e-02 7.601046061752501914e-02 8.761522083335840372e-02 1.003318473854333814e-01 1.141272089068994383e-01 1.295657961100041278e-01 1.470678187303363083e-01 1.671499369883307495e-01 1.905318635386999415e-01 2.180987441621723144e-01 2.510150219084661960e-01 2.905176389436195938e-01 3.339555892494350253e-01 3.815148155476371095e-01 4.333812981773850770e-01 4.897407317557045392e-01 5.507788097194351584e-01 6.166810077333609863e-01 6.876331592471838228e-01 7.638207167641229978e-01 8.454287487689322589e-01 9.326429374596573174e-01
4.646090863500836055e-02 5.565681025722220288e-02 6.560737019336296272e-02 7.633798094094632058e-02 8.804153476215956231e-02 1.008588191813911267e-01 1.147581405586647479e-01 1.303123297988363349e-01 1.479437478236112491e-01 1.681713002305766647e-01 1.917174094204411872e-01 2.194704077774467799e-01 2.525995254990823224e-01 2.923536327001824420e-01 3.360685450990628653e-01 3.839314602020463263e-01 4.361295310894908739e-01 4.928498355373657214e-01 5.542792403861148687e-01 6.206044286726944970e-01 6.920127467690152523e-01 7.686906162140441090e-01 8.508245148721792495e-01 9.386014009719780837e-01
4.655477848577555672e-02 5.581950576546138021e-02 6.585112261968904812e-02 7.667423718317009640e-02 8.847628055019730875e-02 1.013942640544068657e-01 1.153977969255153557e-01 1.310678807208069396e-01 1.488291366311065289e-01 1.692027335441704805e-01 1.929138345232135898e-01 2.208541282662148664e-01 2.541977035596166834e-01 2.942054003041660315e-01 3.381995142152184886e-01 3.863685820238548785e-01 4.389009373259201707e-01 4.959850099499656939e-01 5.578087943608348587e-01 6.245604761958457596e-01 6.964283894363635374e-01 7.736003124555024257e-01 8.562642632772665685e-01 9.446081042582530340e-01
4.665720968869517538e-02 5.599080423198625478e-02 6.610327531192394801e-02 7.701850961817337249e-02 8.891882476486362430e-02 1.019375067298998738e-01 1.160454343069367289e-01 1.318317094210480489e-01 1.497231686096581471e-01 1.702433498869223849e-01 1.941201964349219267e-01 2.222488791847817835e-01 2.558083881319951902e-01 2.960716133083147739e-01 3.403469836423009820e-01 3.888244618812126685e-01 4.416936134440846984e-01 4.991440041926529791e-01 5.613650783415484735e-01 6.285461037654485050e-01 7.008768906122512243e-01 7.785465539925844336e-01 8.617440703869511109e-01 9.506588521293921623e-01
4.676764335405076550e-02 5.617007857913049185e-02 6.636320558373423606e-02 7.737023021331988770e-02 8.936854122343178275e-02 1.024879518512367554e-01 1.167004695054925795e-01 1.326031891646267946e-01 1.506251984006675426e-01 1.712923991272045088e-01 1.953356823264591757e-01 2.236537115675982512e-01 2.574305728931323700e-01 2.979509897831942866e-01 3.425096082747008386e-01 3.912975029247743874e-01 4.445056368751637010e-01 5.023248097991109828e-01 5.649457426512480840e-01 6.325591338514379158e-01 7.053557799669901707e-01 7.835262236403327529e-01 8.672607776600849139e-01 9.567500309784537915e-01
4.688553613538730402e-02 5.635679979547110474e-02 6.663037502509466803e-02 7.772885725456962769e-02 8.982489492920416041e-02 1.030450298273806464e-01 1.173622925513759796e-01 1.333816588366931455e-01 1.515345380146360665e-01 1.723492026637249985e-01 1.965595049422516061e-01 2.250677880864686009e-01 2.590632650764155831e-01 2.998424568677151569e-01 3.446860121834969815e-01 3.937862449167103263e-01 4.473353977713590002e-01 5.055255505227355117e-01 5.685487561103487186e-01 6.365967945423541829e-01 7.098621116133803088e-01 7.885362240139688339e-01 8.728108338031582702e-01 9.628779409936465417e-01
4.701033522608225740e-02 5.655037168771475525e-02 6.690422599543116577e-02 7.809384469969130049e-02 9.028739093136901872e-02 1.036082378642138591e-01 1.180303616531060140e-01 1.341665836033006654e-01 1.524505967213775071e-01 1.734130787411494456e-01 1.977909974797440740e-01 2.264903054201801436e-01 2.607055153505006273e-01 3.017449953888649006e-01 3.468749973921722574e-01 3.962893293631852831e-01 4.501813456584562445e-01 5.087444520249008173e-01 5.721720885883562202e-01 6.406572247501381989e-01 7.143936029168024282e-01 7.935741375095195504e-01 8.783915962537217625e-01 9.690393846402282074e-01
4.714151637780570475e-02 5.675035280908745372e-02 6.718428958872038614e-02 7.846474005580275635e-02 9.075556461718721490e-02 1.041771055345426106e-01 1.187042500297108560e-01 1.349574600031685778e-01 1.533728093263923842e-01 1.744834958067301711e-01 1.990294998084499167e-01 2.279205577357243939e-01 2.623565275330226876e-01 3.036575908037801863e-01 3.490755498030371218e-01 3.988055021302375214e-01 4.530420877361764354e-01 5.119800514769849986e-01 5.758140284615146376e-01 6.447383236462921330e-01 7.189480374118341066e-01 7.986372083634757368e-01 8.840002416479463276e-01 9.752314993039724600e-01
4.727859150675759597e-02 5.695619569513182129e-02 6.747007714677573376e-02 7.884106621249097058e-02 9.122896984872892745e-02 1.047511819855951321e-01 1.193834115499984028e-01 1.357537708460677950e-01 1.543006853274865309e-01 1.755598597192345733e-01 2.002744137357840293e-01 2.293578883537911450e-01 2.640156543182370918e-01 3.055794314953123036e-01 3.512867521483442612e-01 4.013337050056186017e-01 4.559164431948600216e-01 5.152309660932828939e-01 5.794731036146869574e-01 6.488385551062253453e-01 7.235236195843226525e-01 8.037237969382423630e-01 8.896345609105891228e-01 9.814520000354323148e-01
4.742130251839146715e-02 5.716762237841385014e-02 6.776125232762023054e-02 7.922250977151780449e-02 9.170723912397736599e-02 1.053300743336499090e-01 1.200674994645339888e-01 1.365551506447738317e-01 1.552337952590811254e-01 1.766416985251691163e-01 2.015252246500067457e-01 2.308017125763771327e-01 2.656820606122687334e-01 3.075097774804364525e-01 3.535075492864447333e-01 4.038728881752018385e-01 4.588032019388706417e-01 5.184956854465377907e-01 5.831476679351434989e-01 6.529560486150703946e-01 7.281183787661403839e-01 8.088315707242508257e-01 8.952923437874185097e-01 9.876979076947612901e-01
4.756923039108063023e-02 5.738424757076485833e-02 6.805745879527291819e-02 7.960868687502148378e-02 9.219002270612179639e-02 1.059134341574097943e-01 1.207560994532514975e-01 1.373611264353803152e-01 1.561716873394278782e-01 1.777285436694701071e-01 2.027814105531060840e-01 2.322514216740926840e-01 2.673551462820289992e-01 3.094477699104640767e-01 3.557370855333321646e-01 4.064219933635150328e-01 4.617011569845047569e-01 5.217730702329669290e-01 5.868363115586702206e-01 6.570891856377236717e-01 7.327305026916431929e-01 8.139584784327740241e-01 9.009710719069644602e-01 9.939669268943440716e-01
4.772199628548529776e-02 5.760561431519977543e-02 6.835828152676674818e-02 7.999921483999909710e-02 9.267697209553668602e-02 1.065009416333575348e-01 1.214489116760115867e-01 1.381713740241947985e-01 1.571139647589247790e-01 1.788200507026161123e-01 2.040424936178725779e-01 2.337065579364788759e-01 2.690344132628502694e-01 3.113928433893755066e-01 3.579747446594531146e-01 4.089803220504875658e-01 4.646094922873331701e-01 5.250620996244768079e-01 5.905380299443607761e-01 6.612368363822291872e-01 7.373587562287867714e-01 8.191030743956798643e-01 9.066694807228736774e-01 1.000257372290157099e+00
4.787928589291693543e-02 5.783152824508196177e-02 6.866344349563863192e-02 8.039383739598751633e-02 9.316779882193187978e-02 1.070922593427880987e-01 1.221455570032695670e-01 1.389855450073848586e-01 1.580603001398570295e-01 1.799156911801683134e-01 2.053080564442205103e-01 2.351665957690669828e-01 2.707192750192582986e-01 3.133443166392307910e-01 3.602197177230097580e-01 4.115468968653498427e-01 4.675271716393129551e-01 5.283616446581277382e-01 5.942514544383443731e-01 6.653975691715139362e-01 7.420014299764091659e-01 8.242637451477736743e-01 9.123852665628822134e-01 1.006567213873004185e+00
4.804082164338317751e-02 5.806162122352433175e-02 6.897266633147221271e-02 8.079227088157579784e-02 9.366220667316911552e-02 1.076870947712672000e-01 1.228457926651400078e-01 1.398033715502087493e-01 1.590103454090870949e-01 1.810152313356491460e-01 2.065777975692241197e-01 2.366311984357086506e-01 2.724091960650469879e-01 3.153016761373134691e-01 3.624713925589059804e-01 4.141211655759591825e-01 4.704534193151505561e-01 5.316708171218764711e-01 5.979756516536873789e-01 6.695701950049384177e-01 7.466573226625102810e-01 8.294389334821211657e-01 9.181172809774330590e-01 1.012894648655907837e+00
4.820633208901588945e-02 5.829564632112387013e-02 6.928562992079709271e-02 8.119420737820751133e-02 9.415995016851957944e-02 1.082852100946074120e-01 1.235492815527848010e-01 1.406244810201602857e-01 1.599637389416357081e-01 1.821182748245576966e-01 2.078511926402781818e-01 2.380998243392507263e-01 2.741037542484591194e-01 3.172643265449908156e-01 3.647290957245402088e-01 4.167021904542607125e-01 4.733874459828559811e-01 5.349886288852115923e-01 6.017096130758083916e-01 6.737537017386651117e-01 7.513252002235621951e-01 8.346274426510773559e-01 9.238637448579006817e-01 1.019237761136830400e+00
4.837564696078214960e-02 5.853340773014734100e-02 6.960217740789911844e-02 8.159946648684142378e-02 9.466081665742578921e-02 1.088863444989339596e-01 1.242558117832439635e-01 1.414486647857578216e-01 1.609202561565147571e-01 1.832245265081097474e-01 2.091280128258597992e-01 2.395721919329146798e-01 2.758024828200271727e-01 3.192317881385051681e-01 3.669923519212070495e-01 4.192895675191485871e-01 4.763285241023096361e-01 5.383144022518621119e-01 6.054523366773593152e-01 6.779469971365978953e-01 7.560039548913397578e-01 8.398279188107503623e-01 9.296233882824682659e-01 1.025595466648732357e+00
4.854837169091733712e-02 5.877453875663425642e-02 6.992196308874237820e-02 8.200778264296315623e-02 9.516452430755815983e-02 1.094902771412579606e-01 1.249651524777832950e-01 1.422756238001383622e-01 1.618796447993559040e-01 1.843337307075655351e-01 2.104079871511867206e-01 2.410479204352737603e-01 2.775050610022447017e-01 3.212036237735422239e-01 3.692606145182147914e-01 4.218824910804856443e-01 4.792759588919874303e-01 5.416473619148950425e-01 6.092030903362690708e-01 6.821491782094033507e-01 7.606925206932343420e-01 8.450390744370736007e-01 9.353948481510693247e-01 1.031966210061583400e+00
4.872440262578829617e-02 5.901891436683226466e-02 7.024483826786348528e-02 8.241893048204378125e-02 9.567091569090674374e-02 1.100968050341945559e-01 1.256770256625527604e-01 1.431051757226268206e-01 1.628416296912941486e-01 1.854456032059039472e-01 2.116907249704452487e-01 2.425267074272749734e-01 2.792110591546235199e-01 3.231794547574911025e-01 3.715333259991471238e-01 4.244805892089721922e-01 4.822291652989132427e-01 5.449866499189570668e-01 6.129608575895690858e-01 6.863593239875336316e-01 7.653898430289314270e-01 8.502600612023695215e-01 9.411769756711110269e-01 1.038348473288299267e+00
4.890352865474985322e-02 5.926632889276550742e-02 7.057063229310257813e-02 8.283275720156367539e-02 9.617977425044603457e-02 1.107057185487386880e-01 1.263913043875728170e-01 1.439370935711078159e-01 1.638059921613309877e-01 1.865599156256630142e-01 2.129760096728137153e-01 2.440082989549884895e-01 2.809201748019815037e-01 3.251588298651187370e-01 3.738100850764926042e-01 4.270832724958545379e-01 4.851875257010681564e-01 5.483318067370760440e-01 6.167252499395665666e-01 6.905766458139799280e-01 7.700951692633041246e-01 8.554897889386974263e-01 9.469688167449242799e-01 1.044741395177773757e+00
4.908554210242198346e-02 5.951660107248089165e-02 7.089910619030824479e-02 8.324906025665550213e-02 9.669090942343464001e-02 1.113168360539513457e-01 1.271077296406468160e-01 1.447711788370492914e-01 1.647725040964852505e-01 1.876763851918725468e-01 2.142636052075734543e-01 2.454923214598386527e-01 2.826321091386518880e-01 3.271414300011660226e-01 3.760905662073895650e-01 4.296901139976747053e-01 4.881505743894112848e-01 5.516821677937319146e-01 6.204954656386809653e-01 6.948003289806738980e-01 7.748077652665793513e-01 8.607273492015105054e-01 9.527692328928443199e-01 1.051143828101875233e+00
4.927031918025564367e-02 5.976953422027218160e-02 7.123012011281133760e-02 8.366769305268857704e-02 9.720421962968997520e-02 1.119300098053811893e-01 1.278261742905321685e-01 1.456072323560218540e-01 1.657410093725537326e-01 1.887948807326197131e-01 2.155532183779746702e-01 2.469785544873998318e-01 2.843465282062784261e-01 3.291268863626403141e-01 3.783742730802415744e-01 4.323006536474459094e-01 4.911177360742089437e-01 5.550372257879941928e-01 6.242708409839785588e-01 6.990298759849421506e-01 7.795264722069142893e-01 8.659718470247296240e-01 9.585773495799224664e-01 1.057554499973330397e+00
4.945770821159033853e-02 6.002498384049267943e-02 7.156349554049827588e-02 8.408849119618801160e-02 9.771946819697016617e-02 1.125450371633933966e-01 1.285464520488431017e-01 1.464450952065473044e-01 1.667112783403843501e-01 1.899151496509928483e-01 2.168447633541566166e-01 2.484668098866068264e-01 2.860631173618539136e-01 3.311148376117039049e-01 3.806608049935473193e-01 4.349144086370609896e-01 4.940885656231678857e-01 5.583963545042868182e-01 6.280508150454134908e-01 7.032644937652658967e-01 7.842508547287195819e-01 8.712225677851866967e-01 9.643920208492778867e-01 1.063972488015000994e+00
4.964744928443252936e-02 6.028277328021490467e-02 7.189906469201033656e-02 8.451127407607759989e-02 9.823657293093009113e-02 1.131618203058837729e-01 1.292684550035536617e-01 1.472845818254021333e-01 1.676831649323801132e-01 1.910370239510303936e-01 2.181379389278518544e-01 2.499568004941875310e-01 2.877817867573679855e-01 3.331051455943673800e-01 3.829500895871639221e-01 4.375311096049595561e-01 4.970627111045124447e-01 5.617592456283622138e-01 6.318348258314517851e-01 7.075036894813413468e-01 7.889803081333893742e-01 8.764787992089472235e-01 9.702130152888447379e-01 1.070397194880958081e+00
4.983939241602471093e-02 6.054271627393325444e-02 7.223664837678736572e-02 8.493592885306158746e-02 9.875534995735966992e-02 1.137802143435967112e-01 1.299919531252908544e-01 1.481255941736585868e-01 1.686565368224787198e-01 1.921603883238685584e-01 2.194325333721299787e-01 2.514483761823692043e-01 2.895020961623906985e-01 3.350973436616352941e-01 3.852414289999836483e-01 4.401503251533057104e-01 5.000396935179974856e-01 5.651251357236538597e-01 6.356223260442581680e-01 7.117465699420969516e-01 7.937139276059407278e-01 8.817395653002031430e-01 9.760388640486452605e-01 1.076827241489834552e+00
5.003364955698947486e-02 6.080484778089050718e-02 7.257628585894702888e-02 8.536236151101576908e-02 9.927572175867158122e-02 1.144000272471500934e-01 1.307169072954200706e-01 1.489679419981866648e-01 1.696311996852502280e-01 1.932849739090207464e-01 2.207284354201809462e-01 2.529412992671084548e-01 2.912239944130519675e-01 3.370913633836915002e-01 3.875349083885286094e-01 4.427718667049790335e-01 5.030192121504749592e-01 5.684939853475230453e-01 6.394129950306963739e-01 7.159929872863175504e-01 7.984513527965541035e-01 8.870046512863173360e-01 9.818692938760029687e-01 1.083262390940864961e+00
5.022980136051302669e-02 6.106883483251342171e-02 7.291765918755259424e-02 8.579038758677813570e-02 9.979754257855906474e-02 1.150212518998283001e-01 1.314431273240762310e-01 1.498115698857555578e-01 1.706070194579569488e-01 1.944107428711581431e-01 2.220255076615042511e-01 2.544354380241565239e-01 2.929471877670726254e-01 3.390868179009461914e-01 3.898299965777126119e-01 4.453952274183510807e-01 5.060007999019554559e-01 5.718650726306594434e-01 6.432063032639088185e-01 7.202423640069628430e-01 8.031920353844358429e-01 8.922731942367108093e-01 9.877035679898806819e-01 1.089701671703984465e+00
5.042793844087378047e-02 6.133473165106988895e-02 7.326080108760933685e-02 8.621995655281233795e-02 1.003207204966309746e-01 1.156436773153314418e-01 1.321705183325287969e-01 1.506562591257609718e-01 1.715839296555531912e-01 1.955375120297407898e-01 2.233235428056780381e-01 2.559305333389740866e-01 2.946715430678280012e-01 3.410836385051843611e-01 3.921265928923148847e-01 4.480202234902980196e-01 5.089843179315906019e-01 5.752383151484694590e-01 6.470018471031924179e-01 7.244942367472113620e-01 8.079354595493433155e-01 8.975447062741753745e-01 9.935411719860877122e-01 1.096144391327628531e+00
5.062790631889151766e-02 6.160233830602103444e-02 7.360551289282879495e-02 8.665093134480426895e-02 1.008451288178664335e-01 1.162672521427447897e-01 1.328989796293480186e-01 1.515019340269914139e-01 1.725617298584447290e-01 1.966651250270495255e-01 2.246224514948891027e-01 2.574265427271279494e-01 2.963967899618001334e-01 3.430814429949012867e-01 3.944243722775566674e-01 4.506466024377581148e-01 5.119692339837400574e-01 5.786131463500849836e-01 6.507991652569410368e-01 7.287480657164087106e-01 8.126809400243707460e-01 9.028185853993287990e-01 9.993812203875735989e-01 1.102590012815089171e+00
5.082952847092313264e-02 6.187159587310896158e-02 7.395172472271742403e-02 8.708323069516633874e-02 1.013706694886912923e-01 1.168918904554276245e-01 1.336284068110832335e-01 1.523485149044911113e-01 1.735403765399524401e-01 1.977935472829508434e-01 2.259220832058799755e-01 2.589232565143912979e-01 2.981228873054670436e-01 3.450802432394945440e-01 3.967231848602236766e-01 4.532741072103567137e-01 5.149554940963336769e-01 5.819894196372910056e-01 6.545981582067345039e-01 7.330035989693196585e-01 8.174284386702821426e-01 9.080945066688275169e-01 1.005223638609178183e+00 1.109037937799062012e+00
5.103273666407887044e-02 6.214232831485926728e-02 7.429931620132655679e-02 8.751674566597952842e-02 1.018972767425321280e-01 1.175174717039750294e-01 1.343586938674235509e-01 1.531958802484097160e-01 1.745196960600050029e-01 1.989225584858148321e-01 2.272222742635304216e-01 2.604205963932476053e-01 2.998496142587037672e-01 3.470796890996949990e-01 3.990227790730937474e-01 4.559025445678229760e-01 5.179427265234841649e-01 5.853667755461636757e-01 6.583982179295446713e-01 7.372603969416601233e-01 8.221771963429399532e-01 9.133719115952382284e-01 1.011067546515833859e+00 1.115487686068701745e+00
5.123744625510148060e-02 6.241450755969466663e-02 7.464822373270156575e-02 8.795139925640080292e-02 1.024248882781926551e-01 1.181439109941669480e-01 1.350897731450414474e-01 1.540439477738174412e-01 1.754996824025769064e-01 2.000521122064153889e-01 2.285229478255003388e-01 2.619183190609281620e-01 3.015767801628926881e-01 3.490797328742662464e-01 4.013229798213807653e-01 4.585316092519966524e-01 5.209306193865245183e-01 5.887449077842349388e-01 6.621992607170478218e-01 7.415181967611941261e-01 8.269270630712414194e-01 9.186503210805858632e-01 1.016912440425796982e+00 1.121938417269149557e+00
5.144362278393868615e-02 6.268806400418286406e-02 7.499833493473780088e-02 8.838708939783404550e-02 1.029533485442632595e-01 1.187711274879055950e-01 1.358215430452322514e-01 1.548925969720812423e-01 1.764801158015637250e-01 2.011821166149323215e-01 2.298239745660878852e-01 2.634164256526348447e-01 3.033042852790147625e-01 3.510801355085534370e-01 4.036235783625760631e-01 4.611611980176651970e-01 5.239191283181713343e-01 5.921235746692808943e-01 6.660007730917889557e-01 7.457765642809180973e-01 8.316774750759259316e-01 9.239295114851207025e-01 1.022758229944783048e+00 1.128390110627269349e+00
5.165119567784252214e-02 6.296293538204904283e-02 7.534968186129395451e-02 8.882378042591339284e-02 1.034826706930385837e-01 1.193990104060789204e-01 1.365539454187079671e-01 1.557417934905065693e-01 1.774610393847255441e-01 2.023124344317214218e-01 2.311253218642073670e-01 2.649148117154915272e-01 3.050320747044626968e-01 3.530807501517391200e-01 4.059245179497190659e-01 4.637910460511368571e-01 5.269079019262553620e-01 5.955026105790418578e-01 6.698026573007473949e-01 7.500352667431186005e-01 8.364283694500906918e-01 9.292089808153847219e-01 1.028604446571838027e+00 1.134842000946121754e+00
5.185996613875409889e-02 6.323894094437707003e-02 7.570202809604772987e-02 8.926138473541150864e-02 1.040127118298390246e-01 1.200276008037512582e-01 1.372868915452615246e-01 1.565914282812662928e-01 1.784422844144052112e-01 2.034430254204358246e-01 2.324268105637306847e-01 2.664132642246493377e-01 3.067599768358513779e-01 3.550815317982666253e-01 4.082255385750657717e-01 4.664209803178810954e-01 5.298966727920673137e-01 5.988816581299279962e-01 6.736046098151683426e-01 7.542940672945840364e-01 8.411792065609881019e-01 9.344884298923733512e-01 1.034450401783758133e+00 1.141293761232096804e+00
5.206999118808486315e-02 6.351613572594254353e-02 7.605542376938763394e-02 8.969982341586692220e-02 1.045434711380845150e-01 1.206566971626997220e-01 1.380202621002681040e-01 1.574414848481753559e-01 1.794238221312384474e-01 2.045738100944107241e-01 2.337284145218190279e-01 2.679117269860108452e-01 3.084878132219758817e-01 3.570822503522105285e-01 4.105264807927093695e-01 4.690508002110860275e-01 5.328854718034273796e-01 6.022605877708165911e-01 6.774064108489784575e-01 7.585525807458564085e-01 8.459296640353554109e-01 9.397676208639751394e-01 1.040296033649290797e+00 1.147745015849473083e+00
5.228118067987873319e-02 6.379440861216927050e-02 7.640976238182789482e-02 9.013905942609909405e-02 1.050748245365987071e-01 1.212863636287413310e-01 1.387541071786924651e-01 1.582917889829925651e-01 1.804055450245345138e-01 2.057047182388585249e-01 2.350300660150065613e-01 2.694101495167420257e-01 3.102156300484849583e-01 3.590829038416831209e-01 4.128272958277476867e-01 4.716804780162502375e-01 5.358740336571103935e-01 6.056393028831965619e-01 6.812077878674701603e-01 7.628106587597889288e-01 8.506797381468326202e-01 9.450460594808179904e-01 1.046140925755827400e+00 1.154195615288706511e+00
5.249343058812738771e-02 6.407363155602106841e-02 7.676494743550700550e-02 9.057897351303914601e-02 1.056067619295265603e-01 1.219164201166535455e-01 1.394882930688618461e-01 1.591423917073690464e-01 1.813874491508468967e-01 2.068356424097258506e-01 2.363315517649340614e-01 2.709084350821532872e-01 3.119431939316878455e-01 3.610832496570309247e-01 4.151278017191490921e-01 4.743097747873397108e-01 5.388620626934013114e-01 6.090173867391598383e-01 6.850085695322880586e-01 7.670679432210850690e-01 8.554288811402752657e-01 9.503236597032318489e-01 1.051984643936837882e+00 1.160644676485141025e+00
5.270669399936522836e-02 6.435384520582092260e-02 7.712101137227853065e-02 9.101958617000267815e-02 1.061391842249281015e-01 1.225469238002590139e-01 1.402227388413395670e-01 1.599931452601347504e-01 1.823694080128781814e-01 2.079664875093539811e-01 2.376329800517574253e-01 2.724064960892205733e-01 3.136704463163011991e-01 3.630832848622146947e-01 4.174278723841822747e-01 4.769385686042408867e-01 5.418495864986533350e-01 6.123948928120916957e-01 6.888085460168347218e-01 7.713244917842735360e-01 8.601770407922982864e-01 9.556000985555923588e-01 1.057827095229197045e+00 1.167092541969940722e+00
5.292098471449008940e-02 6.463494688529501653e-02 7.747785619074447350e-02 9.146083832649876122e-02 1.066721121818917234e-01 1.231777227347237436e-01 1.409574619438211385e-01 1.608440478060373380e-01 1.833514035532049224e-01 2.090973237767172477e-01 2.389341631774593300e-01 2.739042569781457992e-01 3.153973978403495915e-01 3.650828908940459416e-01 4.197274443504778185e-01 4.795668651553888773e-01 5.448363414365029467e-01 6.157715651127823042e-01 6.926077027922412643e-01 7.755798522385047855e-01 8.649240348823546976e-01 9.608750678702130399e-01 1.063668025262063388e+00 1.173538390669600417e+00
5.313609085018006911e-02 6.491681905866303337e-02 7.783533720729587935e-02 9.190258794131322961e-02 1.072054074042552568e-01 1.238088334711177768e-01 1.416923759659874937e-01 1.616950291078374791e-01 1.843333427895898491e-01 2.102279413219366733e-01 2.402351398824825734e-01 2.754016005103969156e-01 3.171238365584020946e-01 3.670818928342178267e-01 4.220263924343011230e-01 4.821942603052620790e-01 5.478222618083193884e-01 6.191471987922244624e-01 6.964055398150075238e-01 7.798339259129762890e-01 8.696693843776381883e-01 9.661482831433050311e-01 1.069507018155807065e+00 1.179982122979032155e+00
5.335212529483376181e-02 6.519954808965409965e-02 7.819353401961424976e-02 9.234490548854240588e-02 1.077390904301801372e-01 1.244402160572813387e-01 1.424274549772192311e-01 1.625460837095247246e-01 1.853152480343691899e-01 2.113583488148215450e-01 2.415357556923151128e-01 2.768985393132664674e-01 3.188497400382166447e-01 3.690803121804352438e-01 4.243245959019479874e-01 4.848208220609099839e-01 5.508072057414906686e-01 6.225216477924683245e-01 7.002021465196320849e-01 7.840865052449604855e-01 8.744130627636578224e-01 9.714196668590573402e-01 1.075343767124180561e+00 1.186423382936571569e+00
5.356897566555236800e-02 6.548299321617652435e-02 7.855233451801084399e-02 9.278764964340245613e-02 1.082730941997258195e-01 1.250717720162850544e-01 1.431625674218550970e-01 1.633970929990467835e-01 1.862969722453907684e-01 2.124885280339996740e-01 2.428359830199451619e-01 2.783949935257592490e-01 3.205751660348174492e-01 3.710780605089186168e-01 4.266220087067348343e-01 4.874465595340755075e-01 5.537911010497652553e-01 6.258949084938493224e-01 7.039974476083999955e-01 7.883376019466480367e-01 8.791551858464811131e-01 9.766891019344794422e-01 1.081178452911424781e+00 1.192862495254663147e+00
5.378661699004986391e-02 6.576716611363914167e-02 7.891173460252275118e-02 9.323086375613888477e-02 1.088073710601522581e-01 1.257035021937362718e-01 1.438977730068299044e-01 1.642480510520604731e-01 1.872785357552248786e-01 2.136184338439056085e-01 2.441357635734047460e-01 2.798909045693310782e-01 3.222997671711390621e-01 3.730749361991568813e-01 4.289184635398095025e-01 4.900711403702655566e-01 5.567736577999271574e-01 6.292667474193758270e-01 7.077909594966089735e-01 7.925867175746533766e-01 8.838949072077159075e-01 9.819560800360432884e-01 1.087010302771501902e+00 1.199298415043816401e+00
5.400496569809053182e-02 6.605192919668118057e-02 7.927165708671773947e-02 9.367444372985193890e-02 1.093418945988389318e-01 1.263353512809509416e-01 1.446329857679668207e-01 1.650988853101937881e-01 1.882598381716956426e-01 2.147479414179806478e-01 2.454351200386938880e-01 2.813861791009895641e-01 3.240237031362926401e-01 3.750710120426443139e-01 4.312138731316076390e-01 4.926945899265129380e-01 5.597550308018012233e-01 6.326370811403438932e-01 7.115829030318819859e-01 7.968339110718329898e-01 8.886326322748706596e-01 9.872206771581197859e-01 1.092839687963916395e+00 1.205731356464768034e+00
5.422400408118390608e-02 6.633733011315851025e-02 7.963207463879017067e-02 9.411837318166518807e-02 1.098766238316738753e-01 1.269672873334291019e-01 1.453681870548028665e-01 1.659495953197339946e-01 1.892409543336063815e-01 2.158770567145331110e-01 2.467338795666663420e-01 2.828808080626946664e-01 3.257469164287420949e-01 3.770661908451930500e-01 4.335083059285326779e-01 4.953168081662198130e-01 5.627348681641506367e-01 6.360058311905119055e-01 7.153729406411393210e-01 8.010791555722329704e-01 8.933681583239702073e-01 9.924827720642264151e-01 1.098665934026326507e+00 1.212161020251911747e+00
5.444370703460075372e-02 6.662335282489978416e-02 7.999298101382856796e-02 9.456262379560316511e-02 1.104115792209648117e-01 1.275993037605701597e-01 1.461033855056133313e-01 1.668001623705353542e-01 1.902217390032407418e-01 2.170058167157606077e-01 2.480321211349021115e-01 2.843747522735001754e-01 3.274692496415446685e-01 3.790603982472707800e-01 4.358016482325772212e-01 4.979377843573067342e-01 5.657133519072794492e-01 6.393729278800999172e-01 7.191611390321297481e-01 8.053222529559944665e-01 8.981010912419640224e-01 9.977421334562036614e-01 1.104489361391610469e+00 1.218587456676248904e+00
5.466401616012313280e-02 6.690985683179431764e-02 8.035426408238301177e-02 9.500715530731294878e-02 1.109466160476564600e-01 1.282313381763066640e-01 1.468384401580958010e-01 1.676505015330644333e-01 1.912021749496690681e-01 2.181340203903134323e-01 2.493297292561535705e-01 2.858679424080928788e-01 3.291906979549063528e-01 3.810535859366948608e-01 4.380937379441158241e-01 5.005573102526681417e-01 5.686901543100133516e-01 6.427381544139650904e-01 7.229471628441723752e-01 8.095628296325060314e-01 9.028313776380961775e-01 1.002998419916456330e+00 1.110309233528005590e+00 1.225009901686481495e+00
5.488489075643520482e-02 6.719686440290745244e-02 8.071596063671374055e-02 9.545195106901291360e-02 1.114817658014475854e-01 1.288633543247631463e-01 1.475733702921938617e-01 1.685006045635729088e-01 1.921822254401371888e-01 2.192617118638084950e-01 2.506267340786388353e-01 2.873602789765580812e-01 3.309112248171725001e-01 3.830456671241254107e-01 4.403845774137621905e-01 5.031753438640330645e-01 5.716652670643702638e-01 6.461015461001460292e-01 7.267311808022848263e-01 8.138011158671228928e-01 9.075590555681772864e-01 1.008251647342586876e+00 1.116125935036593519e+00 1.231428941896153262e+00
5.510636173767845952e-02 6.748439150918508767e-02 8.107806763415549567e-02 9.589694789291274002e-02 1.120170106643012808e-01 1.294953017010395113e-01 1.483081815647070145e-01 1.693504467706374028e-01 1.931619384774511672e-01 2.203889166280960099e-01 2.519229679185008841e-01 2.888518798343617244e-01 3.326307619237715008e-01 3.850365849064899537e-01 4.426740570433330135e-01 5.057920200806519384e-01 5.746387853366329290e-01 6.494629173906538711e-01 7.305128780485091733e-01 8.180369243565787096e-01 9.122838074150725340e-01 1.013501833709818500e+00 1.121939078959252267e+00 1.237843862249986771e+00
5.532837564563049260e-02 6.777232849763270561e-02 8.144047456141396968e-02 9.634217937184609559e-02 1.125523211461207929e-01 1.301272438587205704e-01 1.490427738903312149e-01 1.701999870030057038e-01 1.941411886259614694e-01 2.215155297231272691e-01 2.532185895834014322e-01 2.903425296738246231e-01 3.343493407020506347e-01 3.870263845207016495e-01 4.449623134575301231e-01 5.084069808834038584e-01 5.776104418476902813e-01 6.528222649538060196e-01 7.342922905001213474e-01 8.222700771537895248e-01 9.170057749510286405e-01 1.018748812924135327e+00 1.127748558563702597e+00 1.244254931056635538e+00
5.555087151653248512e-02 6.806070548654757912e-02 8.180315891191981825e-02 9.678756137561694839e-02 1.130876560750850024e-01 1.307590621976816025e-01 1.497772160272832220e-01 1.710492174371514018e-01 1.951199882729330870e-01 2.226415926108358534e-01 2.545133841274356268e-01 2.918323589537086260e-01 3.360668329867817494e-01 3.890149410695336041e-01 4.472490130873520986e-01 5.110204223712548899e-01 5.805802290175730018e-01 6.561795304096674775e-01 7.380693936378358577e-01 8.265005889202119427e-01 9.217246565054603158e-01 1.023992326485036575e+00 1.133554267337892663e+00 1.250661704884077130e+00
5.577375376952053293e-02 6.834939545593245180e-02 8.216612346399411460e-02 9.723303469581115466e-02 1.136230028237880801e-01 1.313907529587090284e-01 1.505114257808433387e-01 1.718981156185210579e-01 1.960983342014102904e-01 2.237669593239070553e-01 2.558074697326105928e-01 2.933212250609913418e-01 3.377832127776729809e-01 3.910022343479210849e-01 4.495342895707989950e-01 5.136321218652806220e-01 5.835480922970958106e-01 6.595345165919626051e-01 7.418438413181374091e-01 8.307282274216380991e-01 9.264403457970229461e-01 1.029232217603621047e+00 1.139356203999965178e+00 1.257064141192394846e+00
5.599716433979123192e-02 6.863853649594002515e-02 8.252936383955848665e-02 9.767867854617900969e-02 1.141583385453655425e-01 1.320223452774530182e-01 1.512454002636844652e-01 1.727465937269014595e-01 1.970761534789640945e-01 2.248917483912598048e-01 2.571007058389623845e-01 2.948091501631861511e-01 3.394984947916724338e-01 3.929881423659879469e-01 4.518180982996385930e-01 5.162420419826896367e-01 5.865139301426003371e-01 6.628873060626186975e-01 7.456158322468943167e-01 8.349529613005699513e-01 9.311527556625173174e-01 1.034468538094684753e+00 1.145153873630323282e+00 1.263462203339407175e+00
5.622094202481743574e-02 6.892798746491285433e-02 8.289283422080649666e-02 9.812441643683496306e-02 1.146936301655534923e-01 1.326537700514463236e-01 1.519790768616026133e-01 1.735947521900390589e-01 1.980534647614204669e-01 2.260158339383992743e-01 2.583931118758039935e-01 2.962960707338520572e-01 3.412126010911496476e-01 3.949727962327261310e-01 4.541002096088708195e-01 5.188501843838485561e-01 5.894777576857825885e-01 6.662377650096191761e-01 7.493852514745696913e-01 8.391747884263898172e-01 9.358619178133624761e-01 1.039701364032174835e+00 1.150947496403005976e+00 1.269855653968637199e+00
5.644510989887937397e-02 6.921769003355250638e-02 8.325648038108122984e-02 9.857019914104475644e-02 1.152288343751729505e-01 1.332849902552649679e-01 1.527124757057724547e-01 1.744424240787890434e-01 1.990301628687167479e-01 2.271391863348344309e-01 2.596847516566806457e-01 2.977819654090844148e-01 3.429255644997876162e-01 3.969560148912567032e-01 4.563808833936189857e-01 5.214565933026373834e-01 5.924394663577817743e-01 6.695857935761155844e-01 7.531518372476669887e-01 8.433935542428542265e-01 9.405677024561954758e-01 1.044930201592644048e+00 1.156737012594097669e+00 1.276244370091492497e+00
5.666965928856255996e-02 6.950776725144337809e-02 8.362034433131612654e-02 9.901608295792055370e-02 1.157639810538972081e-01 1.339160481167738503e-01 1.534455580483838066e-01 1.752896846591759927e-01 2.000063473286385896e-01 2.282618774307110243e-01 2.609754235521686838e-01 2.992668579078287538e-01 3.446372569371762840e-01 3.989378755383166109e-01 4.586598233573070948e-01 5.240610396329749010e-01 5.953990701498684812e-01 6.729314164931786690e-01 7.569158088116081373e-01 8.476093224914721391e-01 9.452701055286640841e-01 1.050155273243876586e+00 1.162522177410073576e+00 1.282628352625375001e+00
5.689457685302215517e-02 6.979805545389132504e-02 8.398435776026645649e-02 9.946196439264395894e-02 1.162990507078576485e-01 1.345468868019956410e-01 1.541783222502449424e-01 1.761365474998823621e-01 2.009819957907298393e-01 2.293838474964972340e-01 2.622652801126303390e-01 3.007506868055267457e-01 3.463478036751940214e-01 4.009182851357195321e-01 4.609372322392983334e-01 5.266636548305635435e-01 5.983564607941798119e-01 6.762746156414012333e-01 7.606769798121707504e-01 8.518219148739680779e-01 9.499689631354754082e-01 1.055376639518013082e+00 1.168303186652104309e+00 1.289007844486129484e+00
5.711978745343142261e-02 7.008860436516164971e-02 8.434847941727466325e-02 9.990788510478090800e-02 1.168339726130788042e-01 1.351774843404679460e-01 1.549107069152161620e-01 1.769828560727171596e-01 2.019569590804826120e-01 2.305050201657541376e-01 2.635541447954884986e-01 3.022333697511963013e-01 3.480570301441139325e-01 4.028971965788579190e-01 4.632128247989368841e-01 5.292642983967853487e-01 6.013117432843279042e-01 6.796153300306190248e-01 7.644352015605383466e-01 8.560313796780095741e-01 9.546642439760286702e-01 1.060593682235187352e+00 1.174079640034969119e+00 1.295382249828223031e+00
5.734532451876910020e-02 7.037939596348098681e-02 8.471280406369749438e-02 1.003537635401857836e-01 1.173687942620914304e-01 1.358078556244608770e-01 1.556427884890236590e-01 1.778287583189891163e-01 2.029313556958228237e-01 2.316254842988691165e-01 2.648421399233431561e-01 3.037150744450946571e-01 3.497650200427467326e-01 4.048746867958970541e-01 4.654868270286244281e-01 5.318629571696064096e-01 6.042647336609250353e-01 6.829535448930710295e-01 7.681907377153475158e-01 8.602376193360019574e-01 9.593558583859733702e-01 1.065806937899404394e+00 1.179851693983658523e+00 1.301751757498976536e+00
5.757107349037846045e-02 7.067034171202511705e-02 8.507709911250174728e-02 1.007996277070434959e-01 1.179034277348215143e-01 1.364379608428862301e-01 1.563744351200354321e-01 1.786741269175060598e-01 2.039050661324031954e-01 2.327451349538838810e-01 2.661291826349601042e-01 3.051955470253619462e-01 3.514716241930898044e-01 4.068506611454575372e-01 4.677589714790528763e-01 5.344597524107581599e-01 6.072154656388056848e-01 6.862891157566572975e-01 7.719433495861147687e-01 8.644404832996099852e-01 9.640439602809348640e-01 1.071016066508642117e+00 1.185619118891101387e+00 1.308115930796994508e+00
5.779717579944253225e-02 7.096154267743463862e-02 8.544159208869549216e-02 1.012455003033022466e-01 1.184379055378008694e-01 1.370677506544770441e-01 1.571057552615300612e-01 1.795189831274146275e-01 2.048781874074233067e-01 2.338639738756437270e-01 2.674153030281497534e-01 3.066749904234964963e-01 3.531769590747361742e-01 4.088249992553061873e-01 4.700293545555825903e-01 5.370543630073658647e-01 6.101637665355613693e-01 6.896219458804776492e-01 7.756928417086708105e-01 8.686400617178409167e-01 9.687281479429555864e-01 1.076220867113340862e+00 1.191381937763066334e+00 1.314475144470925949e+00
5.802347864929249810e-02 7.125286701999272720e-02 8.580610907805553966e-02 1.016912777445279914e-01 1.189722543429107271e-01 1.376972613530918765e-01 1.578366473302847961e-01 1.803633390543641635e-01 2.058505745720471958e-01 2.349819903399332777e-01 2.687003862974298163e-01 3.081531812988650976e-01 3.548809801975476019e-01 4.107979390889859861e-01 4.722980511436112860e-01 5.396468489290249249e-01 6.131098642759946760e-01 6.929522643851871999e-01 7.794394461672916607e-01 8.728362042597225257e-01 9.734086710033547085e-01 1.081421604863334718e+00 1.197140001340646798e+00 1.320829262923107539e+00
5.825008863989904889e-02 7.154437469465173283e-02 8.617072449051238481e-02 1.021370097019058676e-01 1.195063620633849966e-01 1.383264749152530726e-01 1.585671010775961676e-01 1.812070869374461934e-01 2.068223031377263710e-01 2.360991611470340534e-01 2.699844992129977195e-01 3.096302234599704883e-01 3.565836234753913536e-01 4.127691635797058889e-01 4.745647900029793531e-01 5.422374144731966217e-01 6.160536092548200005e-01 6.962798118729383035e-01 7.831828838112774305e-01 8.770290095940517228e-01 9.780854281906253833e-01 1.086618070985271967e+00 1.202893425905507740e+00 1.327178192519325117e+00
5.847684228040454790e-02 7.183602252197179849e-02 8.653539836187730538e-02 1.025826598755361085e-01 1.200403297102484584e-01 1.389554137650808874e-01 1.592971498035741507e-01 1.820503294150898344e-01 2.077933812852855444e-01 2.372155771118891199e-01 2.712676305923079068e-01 3.111061384423425280e-01 3.582849540107744257e-01 4.147389496112672269e-01 4.768298402781710466e-01 5.448258165533625963e-01 6.189948165325575014e-01 6.996047508396250336e-01 7.869234077241491487e-01 8.812184362762305323e-01 9.827582666843623915e-01 1.091810319648296002e+00 1.208642272533682060e+00 1.333521886354424257e+00
5.870387013718041808e-02 7.212782986663429652e-02 8.690004704048567841e-02 1.030282679562007642e-01 1.205740301739293419e-01 1.395839964096487196e-01 1.600267674456010425e-01 1.828930511012463178e-01 2.087637473900851581e-01 2.383310656689309748e-01 2.725497560352321824e-01 3.125808625682849340e-01 3.599847971919551415e-01 4.167069337730497369e-01 4.790929626701558863e-01 5.474121232130733095e-01 6.219336258213882251e-01 7.029268412585556458e-01 7.906607549057417250e-01 8.854042985621480844e-01 9.874270870779805476e-01 1.096998137759044534e+00 1.214385984729899670e+00 1.339860000379979210e+00
5.893096820884918124e-02 7.241964169959486108e-02 8.726469348577570173e-02 1.034737029418942161e-01 1.211075531369193298e-01 1.402122301829323847e-01 1.607559193794457497e-01 1.837351706934830797e-01 2.097333885885275806e-01 2.394457590502417077e-01 2.738308379180164343e-01 3.140543877138624596e-01 3.616833344756729685e-01 4.186734363729751052e-01 4.813542209136878469e-01 5.499962060377480144e-01 6.248700625944058062e-01 7.062461812633423763e-01 7.943950108235553476e-01 8.895866705012365205e-01 9.920921652230851873e-01 1.102181584088753663e+00 1.220125066177001338e+00 1.346192938344211720e+00
5.915829197729220723e-02 7.271163945671663131e-02 8.762939534015520837e-02 1.039190345074949839e-01 1.216408022387389931e-01 1.408401160716250267e-01 1.614846158133028398e-01 1.845766530653442095e-01 2.107023432431363308e-01 2.405595239972874999e-01 2.751108940194126884e-01 3.155266917957899042e-01 3.633804325757176157e-01 4.206382897422034084e-01 4.836134921585942825e-01 5.525782590879373402e-01 6.278040343683798374e-01 7.095627461315935358e-01 7.981261299779172091e-01 8.937654868180143763e-01 9.967532091205119071e-01 1.107360671145031228e+00 1.225859183572042932e+00 1.352520467750685018e+00
5.938584397701372752e-02 7.300372854685711899e-02 8.799409215808480511e-02 1.043642873390913522e-01 1.221738107718321892e-01 1.414676987040965339e-01 1.622128601144638416e-01 1.854176269158415158e-01 2.116705803907469041e-01 2.416724740398845939e-01 2.763898619189642525e-01 3.169977387654543954e-01 3.650760923061061591e-01 4.226015451311958548e-01 4.858710519881934142e-01 5.551580176337179706e-01 6.307355114338957236e-01 7.128765765363274109e-01 8.018541316738606595e-01 8.979408499417372846e-01 1.001410413034545810e+00 1.112535365156076539e+00 1.231588401916182463e+00 1.358842648587525348e+00
5.961343641347891659e-02 7.329584293114935201e-02 8.835871743720653815e-02 1.048093540441683985e-01 1.227065611200403028e-01 1.420948667783353825e-01 1.629406488057577596e-01 1.862579847861987048e-01 2.126380592709661288e-01 2.427845188812425836e-01 2.776678054434131293e-01 3.184676258309457331e-01 3.667703772664598905e-01 4.245629942994074701e-01 4.881266539187474884e-01 5.577356313388502906e-01 6.336645305520974825e-01 7.161874918937862766e-01 8.055788019154346280e-01 9.021125154746230113e-01 1.006063394699856728e+00 1.117705473746901657e+00 1.237312622152820785e+00 1.365159247455271618e+00
5.984131374788534408e-02 7.358812323408644995e-02 8.872335537926430427e-02 1.052543343372804724e-01 1.232390767009829552e-01 1.427216518099075904e-01 1.636679168674448348e-01 1.870976667710242403e-01 2.136047918188493655e-01 2.438956221101228616e-01 2.789447093221127383e-01 3.199362183162759443e-01 3.684631826169978419e-01 4.265228978145541583e-01 4.903801962465113573e-01 5.603111431783026619e-01 6.365910112395666287e-01 7.194955706629820869e-01 8.093003959077316178e-01 9.062806175107895879e-01 1.010712485348753020e+00 1.122871207468783661e+00 1.243031927828727401e+00 1.371470332983586449e+00
6.006921757937299516e-02 7.388035505336618125e-02 8.908793104624847248e-02 1.056991097780654587e-01 1.237713292771603635e-01 1.433480805590344742e-01 1.643946458267456501e-01 1.879367809473713180e-01 2.145707821404899407e-01 2.450058707440173067e-01 2.802205472585089785e-01 3.214035895791929054e-01 3.701545437767175262e-01 4.284810126742840675e-01 4.926319885891924377e-01 5.628842143294169320e-01 6.395149409480160863e-01 7.228007684049787551e-01 8.130186350296159103e-01 9.104450478656076484e-01 1.015357548098858143e+00 1.128032284899703308e+00 1.248746122226418676e+00 1.377775802342815048e+00
6.029723069045068995e-02 7.417260133387020005e-02 8.945244304336666397e-02 1.061437287046093775e-01 1.243032847406764507e-01 1.439740718325553948e-01 1.651209770341492689e-01 1.887753127101051420e-01 2.155360265094631300e-01 2.461152106845387599e-01 2.814953533370236349e-01 3.228696529370201906e-01 3.718444839192095452e-01 4.304375724554264648e-01 4.948817216987103640e-01 5.654552959025382908e-01 6.424363787628254441e-01 7.261031122145575889e-01 8.167338209855600217e-01 9.146060901703336743e-01 1.019998404782699319e+00 1.133189064679420044e+00 1.254455551784223744e+00 1.384075991030798480e+00
6.052537150045492892e-02 7.446496018475588785e-02 8.981688636293666539e-02 1.065881487014655321e-01 1.248349511200903955e-01 1.445997444618201955e-01 1.658467142214156975e-01 1.896131201373269237e-01 2.165004493844553124e-01 2.472235774091167682e-01 2.827690088969926907e-01 3.243345355994832757e-01 3.735329340119176722e-01 4.323923833193180077e-01 4.971294989943549902e-01 5.680240060351605669e-01 6.453552672411462243e-01 7.294026046496394633e-01 8.204456128986820085e-01 9.187631416407364693e-01 1.024635283540083597e+00 1.138341065770935856e+00 1.260159690642204344e+00 1.390370329379964076e+00
6.075362408741359632e-02 7.475738399343874463e-02 9.018133322601948332e-02 1.070324551606944841e-01 1.253663320498327738e-01 1.452249537239672372e-01 1.665719876155247192e-01 1.904504129400769741e-01 2.174641588278398985e-01 2.483311699580242615e-01 2.840416721081132079e-01 3.257980516312095065e-01 3.752199714429410582e-01 4.343454845780453377e-01 4.993754104295731744e-01 5.705904876292857697e-01 6.482715253692495905e-01 7.326992237230639526e-01 8.241541551186210013e-01 9.229167458151905645e-01 1.029268159513563097e+00 1.143488804710758089e+00 1.265858799548022606e+00 1.396659181527632354e+00
6.098190423455836923e-02 7.504971062113748037e-02 9.054561031281883887e-02 1.074765085241704277e-01 1.258973780175592638e-01 1.458497565208583813e-01 1.672966983442527311e-01 1.912869745086733519e-01 2.184270641110108990e-01 2.494377021818926232e-01 2.853131313740195352e-01 3.272603844240959403e-01 3.769054202378215868e-01 4.362969026776511439e-01 5.016192645775878756e-01 5.731546827938149846e-01 6.511853407956343931e-01 7.359928214264405133e-01 8.278593586350162514e-01 9.270665564605975462e-01 1.033896746186925952e+00 1.148631717589731593e+00 1.271552984381095097e+00 1.402942374216680221e+00
6.121035368712575420e-02 7.534210332235434515e-02 9.090986406156868760e-02 1.079204315659112040e-01 1.264281318720965608e-01 1.464742065916159464e-01 1.680209680942667261e-01 1.921228821918622987e-01 2.193891956063982185e-01 2.505433580307429020e-01 2.865836014151967870e-01 3.287214795913380172e-01 3.785894962608282732e-01 4.382466511932883169e-01 5.038612083094544669e-01 5.757167960775356752e-01 6.540964938617872537e-01 7.392836310641679454e-01 8.315615309936080779e-01 9.312127395431930577e-01 1.038521402695532281e+00 1.153770254180426891e+00 1.277242068840746869e+00 1.409220191624923402e+00
6.143881731661086920e-02 7.563442938192373177e-02 9.127399413148512552e-02 1.083641200692841561e-01 1.269585840519482922e-01 1.470981936974251336e-01 1.687446282695537481e-01 1.929582096859156215e-01 2.203505778150083860e-01 2.516481091994549613e-01 2.878528496526081004e-01 3.301811927778650069e-01 3.802720808139605779e-01 4.401945577352258110e-01 5.061011964082207104e-01 5.782764521066877661e-01 6.570050350411312801e-01 7.425714585895107911e-01 8.352601068004897877e-01 9.353552153562130211e-01 1.043141775432643081e+00 1.158904006614478233e+00 1.282925955943595930e+00 1.415492245140877126e+00
6.166730050223694082e-02 7.592677487718996199e-02 9.163801905126868486e-02 1.088076003281475690e-01 1.274887205928199874e-01 1.477217076276025054e-01 1.694677907103562531e-01 1.937928401295402614e-01 2.213111629142326120e-01 2.527519190427932605e-01 2.891210764890733698e-01 3.316396811998507110e-01 3.819532065450467750e-01 4.421408678109740586e-01 5.083390761094351840e-01 5.808339156326854935e-01 6.599110967793325733e-01 7.458563936484582380e-01 8.389555583734469302e-01 9.394940984894049052e-01 1.047758166807593483e+00 1.164033242864559892e+00 1.288604881688637960e+00 1.421758607397824337e+00
6.189594155572875067e-02 7.621915028597785191e-02 9.200191298592907962e-02 1.092508498839028092e-01 1.280185231256872891e-01 1.483448422113493315e-01 1.701904484024401865e-01 1.946268357381783776e-01 2.222709621721529749e-01 2.538547425726269680e-01 2.903882542590227045e-01 3.330969384848616599e-01 3.836328126345809331e-01 4.440853826178789432e-01 5.105751358272518914e-01 5.833891543908895638e-01 6.628145960578197826e-01 7.491384029277451395e-01 8.426478048584169489e-01 9.436292545069524529e-01 1.052370390272632239e+00 1.169157963462307048e+00 1.294278550824720764e+00 1.428019312927273798e+00
6.212457528060729567e-02 7.651148771733061460e-02 9.236573100488057464e-02 1.096939351068188795e-01 1.285480194774519802e-01 1.489675252870655553e-01 1.709124711519058037e-01 1.954601918406898287e-01 2.232299135400213907e-01 2.549566697514658586e-01 2.916542706037388855e-01 3.345527887995639049e-01 3.853109102637280459e-01 4.460281507478603968e-01 5.128091024283324417e-01 5.859420222592996996e-01 6.657154292150481156e-01 7.524175369475325503e-01 8.463365207577777660e-01 9.477605190945163072e-01 1.056978342797465276e+00 1.174277892528312828e+00 1.299947129292798875e+00 1.434274488731568820e+00
6.235323485172588470e-02 7.680375330920882759e-02 9.272944184628557907e-02 1.101367807572890961e-01 1.290771835755832875e-01 1.495897887294252160e-01 1.716340174090618953e-01 1.962928345610233105e-01 2.241881509077705281e-01 2.560576420482355564e-01 2.929192313486356225e-01 3.360074455716563491e-01 3.869875008019145191e-01 4.479692996355789658e-01 5.150410546463147776e-01 5.884926461881316850e-01 6.686136756662141023e-01 7.556936156090966472e-01 8.500220106347277094e-01 9.518882709672790154e-01 1.061582246833284060e+00 1.179393330236906623e+00 1.305610626253054463e+00 1.440523832903771062e+00
6.258188365019599908e-02 7.709594860868214383e-02 9.309296772090817906e-02 1.105793533152608366e-01 1.296059849375848227e-01 1.502116056275491496e-01 1.723550061350287987e-01 1.971248109618916888e-01 2.251455325301514876e-01 2.571576652798262530e-01 2.941830070145567411e-01 3.374607949709549914e-01 3.886626613197652902e-01 4.499085898561455688e-01 5.172710604290532421e-01 5.910409451920859425e-01 6.715092975014238519e-01 7.589667548417150522e-01 8.537041217441497798e-01 9.560120677135001133e-01 1.066181825468981215e+00 1.184504059588532998e+00 1.311268889441091101e+00 1.446767527736501524e+00
6.281062092187018886e-02 7.738815089530173830e-02 9.345639874061924257e-02 1.110217101193273770e-01 1.301344403833271379e-01 1.508330003019816568e-01 1.730754097260235880e-01 1.979561644410940124e-01 2.261021135847909036e-01 2.582567390109834493e-01 2.954456896375644015e-01 3.389127933189344244e-01 3.903362892733950318e-01 4.518462160818182971e-01 5.194989874540451025e-01 5.935870194123896715e-01 6.744022391188260190e-01 7.622369475929628990e-01 8.573830116083613895e-01 9.601322441103100624e-01 1.070777490651441788e+00 1.189610202460194666e+00 1.316921987991229281e+00 1.453005591592744450e+00
6.303933736916378372e-02 7.768028062953576118e-02 9.381969456073030456e-02 1.114638116226333991e-01 1.306625638015656843e-01 1.514539374816941397e-01 1.737953169205189163e-01 1.987868045685315943e-01 2.270579453389463542e-01 2.593548565521924809e-01 2.967073668577477896e-01 3.403635524381887212e-01 3.920084433303054894e-01 4.537821856957072186e-01 5.217250688482910626e-01 5.961308579577115907e-01 6.772928435692247007e-01 7.655042768022352062e-01 8.610585962960883855e-01 9.642488875454461317e-01 1.075368912115090225e+00 1.194711730038662711e+00 1.322570351783556530e+00 1.459238008522095287e+00
6.326809473064219647e-02 7.797233289226247754e-02 9.418281118827462328e-02 1.119056623675599715e-01 1.311903661485631367e-01 1.520743771111273679e-01 1.745146312244437725e-01 1.996167646272185570e-01 2.280129353295874961e-01 2.604520049576528051e-01 2.979678073598869270e-01 3.418130135027357963e-01 3.936790874360475145e-01 4.557162205654898823e-01 5.239490518805537400e-01 5.986722348824150552e-01 6.801806094369411415e-01 7.687684824865591571e-01 8.647307694965912228e-01 9.683615938269791723e-01 1.079956091971674415e+00 1.199808584979772830e+00 1.328213213224364475e+00 1.465464728253164095e+00
6.349681311295932162e-02 7.826434037697080348e-02 9.454583333510413468e-02 1.123473126808410966e-01 1.317177497957638665e-01 1.526943887832850344e-01 1.752333724829095718e-01 2.004460742302393572e-01 2.289670536291765757e-01 2.615482398223152871e-01 2.992271625082126296e-01 3.432611919395955336e-01 3.953481757097863092e-01 4.576485787625512169e-01 5.261709552015045865e-01 6.012114103025230083e-01 6.830658502997548620e-01 7.720299398380968681e-01 8.683996312353473579e-01 9.724705192842334478e-01 1.084539131385640953e+00 1.204900808945450708e+00 1.333851072323104514e+00 1.471685529855371710e+00
6.372558709115239139e-02 7.855629467188325610e-02 9.490866805144877738e-02 1.127887139628638569e-01 1.322448239993957442e-01 1.533139252781187400e-01 1.759515571142828694e-01 2.012746928486197628e-01 2.299204771103451062e-01 2.626435372576282901e-01 3.004854219860902953e-01 3.447080961832434953e-01 3.970158296531970388e-01 4.595793297627307483e-01 5.283910790369820143e-01 6.037483330720135877e-01 6.859484486437310569e-01 7.752884642768627099e-01 8.720652655763889705e-01 9.765760428546822469e-01 1.089117986866100729e+00 1.209988547079083432e+00 1.339483750079200730e+00 1.477901115253873243e+00
6.395429679360403741e-02 7.884814487366978430e-02 9.527130696997682113e-02 1.132298135751892421e-01 1.327715373438922986e-01 1.539329926072031951e-01 1.766691981088562569e-01 2.021026413611179406e-01 2.308730257233994609e-01 2.637378671132373231e-01 3.017425688483876822e-01 3.461536429081064070e-01 3.986819874327591773e-01 4.615082542735641780e-01 5.306090339891842422e-01 6.062830405056124361e-01 6.888285904036168805e-01 7.785439611969369178e-01 8.757275086831588506e-01 9.806775701856175198e-01 1.093692840574746361e+00 1.215071405801526838e+00 1.345111301837457862e+00 1.484110792555403346e+00
6.418307060487568605e-02 7.913995861533554277e-02 9.563382938503879604e-02 1.136706538006872907e-01 1.332978879311512155e-01 1.545516520199730348e-01 1.773862421184488336e-01 2.029299369722152302e-01 2.318247971133229612e-01 2.648312693498443560e-01 3.029986603833585979e-01 3.475979955009627642e-01 4.003466672229284429e-01 4.634354948119940310e-01 5.328251007079752855e-01 6.088153520069339297e-01 6.917059137201952979e-01 7.817964298252554345e-01 8.793865246335749175e-01 9.847754403838329118e-01 1.098263480247684054e+00 1.220149867434518587e+00 1.350733757116571843e+00 1.490314933831365485e+00
6.441178408839691449e-02 7.943168093443370159e-02 9.599622392860836240e-02 1.141112755957671282e-01 1.338238709244458369e-01 1.551697867169870293e-01 1.781027573176606205e-01 2.037565253500750462e-01 2.327757422212493876e-01 2.659236259642916433e-01 3.042535052119812455e-01 3.490409712883965065e-01 4.020098798341045776e-01 4.653609988031632838e-01 5.350391591934103852e-01 6.113454860668979807e-01 6.945809013782374697e-01 7.850461931925636350e-01 8.830422295965879576e-01 9.888697384619141717e-01 1.102830045874458431e+00 1.225223748023274606e+00 1.356351255249804710e+00 1.496513471639025816e+00
6.464041789488177148e-02 7.972321243255200973e-02 9.635833982805444564e-02 1.145515681100919975e-01 1.343494785473570430e-01 1.557875103997528599e-01 1.788186826310602107e-01 2.045824149565958205e-01 2.337259518391721913e-01 2.670151202859121220e-01 3.055073927284581714e-01 3.504827220061427218e-01 4.036715376329205185e-01 4.672847033457454557e-01 5.372511760904535860e-01 6.138732366444265010e-01 6.974530527299939164e-01 7.882927714338320291e-01 8.866946389268973716e-01 9.929601640624008407e-01 1.107392405293441406e+00 1.230292835048181876e+00 1.361963503721981716e+00 1.502706449130376765e+00
6.486909834205614733e-02 8.001473936345891713e-02 9.672034195508197318e-02 1.149916170877744309e-01 1.348747000827485998e-01 1.564046982893579074e-01 1.795340160269763563e-01 2.054076105755667792e-01 2.346752213372752249e-01 2.681056238776332590e-01 3.067600368645673758e-01 3.519231357432572316e-01 4.053317265371362277e-01 4.692067277640923351e-01 5.394612080855262226e-01 6.163986970262576026e-01 7.003227206653341863e-01 7.915365737604644902e-01 8.903436328158508273e-01 9.970468852681707572e-01 1.111950530558141192e+00 1.235357286183757841e+00 1.367570451759163364e+00 1.508893456517341969e+00
6.509773090371694104e-02 8.030615936592346016e-02 9.708216630437678518e-02 1.154314066234788105e-01 1.353995772912545970e-01 1.570214593179343754e-01 1.802488166787070967e-01 2.062321825624189309e-01 2.356237794102217509e-01 2.691951568828850339e-01 3.080116367713183756e-01 3.533622666378462007e-01 4.069904352528009306e-01 4.711269923906424850e-01 5.416693037648832032e-01 6.189219520343464120e-01 7.031897013674118790e-01 7.947773141290543908e-01 8.939894322103872915e-01 1.001129932307376791e+00 1.116504502260004417e+00 1.240417375104042819e+00 1.373172576452701410e+00 1.515074904038000936e+00
6.532629194088340752e-02 8.059744966342027861e-02 9.744379178982003065e-02 1.158709181229475582e-01 1.359240946832053487e-01 1.576377815818572337e-01 1.809630119115328839e-01 2.070559903028930393e-01 2.365714849706860301e-01 2.702838142759225737e-01 3.092621407015994639e-01 3.548001641706605702e-01 4.086476451140755861e-01 4.730456023750082006e-01 5.438752991757460631e-01 6.214428643008808040e-01 7.060542193028492841e-01 7.980152656699426306e-01 8.976317653425207599e-01 1.005209318808012897e+00 1.121054513851568180e+00 1.245472687676012713e+00 1.378769507746629541e+00 1.521250898726066669e+00
