4.147241683715525290e-02 6.166012565090968345e-02 8.094278595902189288e-02 9.502836770631782615e-02 1.080749677764650252e-01 1.199078704861174238e-01 1.303924249388042633e-01 1.394251730353273933e-01 1.469292658248762262e-01 1.528532286529531992e-01 1.571721355621991389e-01 1.598902534022094979e-01 1.610442161044328691e-01 1.667143137558063926e-01 1.789221813164802999e-01 1.962596594207592915e-01 2.178077552594736566e-01 2.423207488699239687e-01 2.703108805531232450e-01 3.017885621226644166e-01 3.366362378826612267e-01 3.745381829370106330e-01 4.149110500275138835e-01 4.568481305923086655e-01
4.179448000758616277e-02 6.216144223499674160e-02 8.165565446681348483e-02 9.608853720249260766e-02 1.093652703751031435e-01 1.213195017635714523e-01 1.318344364924236289e-01 1.408335375478012574e-01 1.482757190498395217e-01 1.541538932214670254e-01 1.584957359710298663e-01 1.613655392686659806e-01 1.628660211832079763e-01 1.688399966674591079e-01 1.812420396120729416e-01 1.988402214891942243e-01 2.207045961441845006e-01 2.455729293594884621e-01 2.739638010410465063e-01 3.058871798837468070e-01 3.412232722162140131e-01 3.796514824236443264e-01 4.205801554244299467e-01 4.630902400818971421e-01
4.170221288010612926e-02 6.208877550134086348e-02 8.162913472478709742e-02 9.601556900071744893e-02 1.092623322938345437e-01 1.211976078746091895e-01 1.316988057583332594e-01 1.406838551047242258e-01 1.481068064594322498e-01 1.539566463586208300e-01 1.582582413546896605e-01 1.610743402230355725e-01 1.625075724991714987e-01 1.685047300287126348e-01 1.809894574257643329e-01 1.986630613317271477e-01 2.205995864538270734e-01 2.455375642074551501e-01 2.739940268519848177e-01 3.059773349878008863e-01 3.413658885416115396e-01 3.798373865038954245e-01 4.207989340175501969e-01 4.633311316929400459e-01
4.129748728084455672e-02 6.158452322230070775e-02 8.105011292322526761e-02 9.511020909866535478e-02 1.081390624760494162e-01 1.199515471444380643e-01 1.304047583602351568e-01 1.393905334470773860e-01 1.468318340172140302e-01 1.526820824026927925e-01 1.569265713951818741e-01 1.595850866160433978e-01 1.607148957008672219e-01 1.665664096045497145e-01 1.790617024571494464e-01 1.966903812635415472e-01 2.185402627586148783e-01 2.433619307848309266e-01 2.716657676912989650e-01 3.034577971042482503e-01 3.386149184138161350e-01 3.768152047311115749e-01 4.174691345762099881e-01 4.596647732049635726e-01
4.065094430355485622e-02 6.074116551063379194e-02 8.003511448250752447e-02 9.358231203707542689e-02 1.062579441654013385e-01 1.178624094526302679e-01 1.282276579103397152e-01 1.372111811147294635e-01 1.446932796017669776e-01 1.505769467813353468e-01 1.547897424136344680e-01 1.572870531591089582e-01 1.580561529701220991e-01 1.636975540585702271e-01 1.761531580199130753e-01 1.936582324566550051e-01 2.153199170935650997e-01 2.399075787607893306e-01 2.679220696313651673e-01 2.993668175943511867e-01 3.341175955452384549e-01 3.718542714643325309e-01 4.119935856350572245e-01 4.536357838647990803e-01
3.982634178287679239e-02 5.964082563644556439e-02 7.868829712213265548e-02 9.163835872329592624e-02 1.038850651061354324e-01 1.152200295801820568e-01 1.254556937282874374e-01 1.344206930055903138e-01 1.419579012269983898e-01 1.479247116007707530e-01 1.521951480791741695e-01 1.546634250339463668e-01 1.552485848899055887e-01 1.607595049314490820e-01 1.731680278599737333e-01 1.905396136333960544e-01 2.120011246326963805e-01 2.363413322634791702e-01 2.640514207724766194e-01 2.951323144359049300e-01 3.294588092289771342e-01 3.667127967748968209e-01 4.063176070653609639e-01 4.473861064973831403e-01
3.890269674354951412e-02 5.839088587406845304e-02 7.715306343470640371e-02 8.955799441629455626e-02 1.013885995160357517e-01 1.124400633662428067e-01 1.225224411241785660e-01 1.314570666712035762e-01 1.390751269873003737e-01 1.452180812519710817e-01 1.497396398143585605e-01 1.525090414924966109e-01 1.534153767634443277e-01 1.590933354837559821e-01 1.715390260288208457e-01 1.889000256591624738e-01 2.103157821043794562e-01 2.345851635034634231e-01 2.621936854046383880e-01 2.931400261194857526e-01 3.272973194170605282e-01 3.643473008952456405e-01 4.037156648352541177e-01 4.445211732938575411e-01
3.799244184798510754e-02 5.715271262115468459e-02 7.565299030117512979e-02 8.775359864028692281e-02 9.931423976099659767e-02 1.101523313284390598e-01 1.201054441575577503e-01 1.290282744859389819e-01 1.367914289296306152e-01 1.432816709036845992e-01 1.484033187087833994e-01 1.520805129990529525e-01 1.542600857316709928e-01 1.607149747202887280e-01 1.734391127064008609e-01 1.911317956494864023e-01 2.129269868979985492e-01 2.376091186418098355e-01 2.656681769069944576e-01 2.971008295963984969e-01 3.317762541814854860e-01 3.693698206807453643e-01 4.092980917958231046e-01 4.506678433353878410e-01
3.693955320909023121e-02 5.568714078691478636e-02 7.383589045243073301e-02 8.559012662540849137e-02 9.687238430592411131e-02 1.075113275166375282e-01 1.173560967252683246e-01 1.262738443632339114e-01 1.341487597242854435e-01 1.408822721516020671e-01 1.463941624060876301e-01 1.506243392990121444e-01 1.535350535292551721e-01 1.604051697283425670e-01 1.732377656055869297e-01 1.910318944624318227e-01 2.129261158722479119e-01 2.377053237402175501e-01 2.658581787271976915e-01 2.973796403490778228e-01 3.321368352977336347e-01 3.698030485713454940e-01 4.097931118408245643e-01 4.512128974672304782e-01
3.572343249082035599e-02 5.395984736586648123e-02 7.165421910979066777e-02 8.301475492611068430e-02 9.398711383378695328e-02 1.044072755795753260e-01 1.141294819435697272e-01 1.230242667713229154e-01 1.309776923306686103e-01 1.378915424121485989e-01 1.436842600659263836e-01 1.482924423244379453e-01 1.516727172211221608e-01 1.587617675819893992e-01 1.715765816602976834e-01 1.893041533230359064e-01 2.110944025283961745e-01 2.357430952970645255e-01 2.637335889393140897e-01 2.950594558341197438e-01 3.295872396105005153e-01 3.669912752872465656e-01 4.066899628337580785e-01 4.477960980767738963e-01
3.437909422339673754e-02 5.202218668512155475e-02 6.917901798718818773e-02 8.014181096186219488e-02 9.079718774819624250e-02 1.009887716091274062e-01 1.105761756906643162e-01 1.194334187552652110e-01 1.274483154401304663e-01 1.345226440413569979e-01 1.405729281196063940e-01 1.455316896536276439e-01 1.493490424769237934e-01 1.566114686047169469e-01 1.693486733565092162e-01 1.869337339479269222e-01 2.085302470938553698e-01 2.329489810327000088e-01 2.606665165327063938e-01 2.916753182334030914e-01 3.258421137369237885e-01 3.628437244757905522e-01 4.021043897081037488e-01 4.427470387422235976e-01
3.293400950483082318e-02 4.991564808773864270e-02 6.646445228450430232e-02 7.702458908747855659e-02 8.735669947880453368e-02 9.731225975329177436e-02 1.067562797922929629e-01 1.155660192765129435e-01 1.236304892401314109e-01 1.308505869617193063e-01 1.371397410855697274e-01 1.424249622506016111e-01 1.466482036184953985e-01 1.540426723934801567e-01 1.666513679886643395e-01 1.840297050883619168e-01 2.053568292932013983e-01 2.294619351951834862e-01 2.568136086161135756e-01 2.874034504052936367e-01 3.210990259596724905e-01 3.575808551400462831e-01 3.962809205048418715e-01 4.363349631445848642e-01
3.161756588485682001e-02 4.798914624580317284e-02 6.396925499945339821e-02 7.412686673060416009e-02 8.414225387661893041e-02 9.387513268508318465e-02 1.031952993014580156e-01 1.119815957184740057e-01 1.201214995832698557e-01 1.275112291172598999e-01 1.340562785698905801e-01 1.396723147777372276e-01 1.442863724132751879e-01 1.518038946563876612e-01 1.642967995995837094e-01 1.814910685454959594e-01 2.025793245218108773e-01 2.264068838203956435e-01 2.534353832928148975e-01 2.836557273273266344e-01 3.169362837875805972e-01 3.529608785882607513e-01 3.911683281308394045e-01 4.307056161595175237e-01
3.034427765980459574e-02 4.611519458586960107e-02 6.152947515459063904e-02 7.129068298322871478e-02 8.099828979275637553e-02 9.052029362471535057e-02 9.973072563898389975e-02 1.085088166153781869e-01 1.167386536189650992e-01 1.243092564332666655e-01 1.311150229566359626e-01 1.370565048250349804e-01 1.420414795056667012e-01 1.496657256206614939e-01 1.620393653449044846e-01 1.790489900316699634e-01 1.998999043396254005e-01 2.234529451797525323e-01 2.501631380241085556e-01 2.800208343635208763e-01 3.128953190412214203e-01 3.484737525835893690e-01 3.862016646497589689e-01 4.252369478112962842e-01
2.907795248016143211e-02 4.424055150010127585e-02 5.907797788831603558e-02 6.845603161232628742e-02 7.786939684524249450e-02 8.719408202177354739e-02 9.630777547949295747e-02 1.050891693211205985e-01 1.134176651252774420e-01 1.211734234403759325e-01 1.282377344413323794e-01 1.344936964403969926e-01 1.398271921057099854e-01 1.475398992582713231e-01 1.597855713367850872e-01 1.766020618915244977e-01 1.972070735653918550e-01 2.204770034190426942e-01 2.468603271385384768e-01 2.763469642834789353e-01 3.088072710160795209e-01 3.439319121699125348e-01 3.811732917960109490e-01 4.197003328235693886e-01
2.782856816276860906e-02 4.238192866165050449e-02 5.663929011557319870e-02 6.565555414381986366e-02 7.479478930345129228e-02 8.394051101911741142e-02 9.297342066829274165e-02 1.017708516110897438e-01 1.102065104421775105e-01 1.181505018784986399e-01 1.254696375273725295e-01 1.320280357160921458e-01 1.376880211639257279e-01 1.454746681603723835e-01 1.575893602617485512e-01 1.742114481881993082e-01 1.945705291468297904e-01 2.175582076432588385e-01 2.436166122155471458e-01 2.727353256923119029e-01 3.047858576584528967e-01 3.394624108944152008e-01 3.762242093151269562e-01 4.142510224728590540e-01
2.660850949857030551e-02 4.055961450651936889e-02 5.424257497941255973e-02 6.292670585631914004e-02 7.181822774948756760e-02 8.080745426252611274e-02 8.977745103710917107e-02 9.860357525789237298e-02 1.071532422656394368e-01 1.152859285519451660e-01 1.228534292096626485e-01 1.297003928816854446e-01 1.356651575717259528e-01 1.435149271490738232e-01 1.555007914946926750e-01 1.719337922995757273e-01 1.920547112638715803e-01 2.147696451720041422e-01 2.405147102326230801e-01 2.692792259864421056e-01 3.009358730662699544e-01 3.351823022943424824e-01 3.714843053366201908e-01 4.090320333145218701e-01
2.546565839181691090e-02 3.884793625032829240e-02 5.199154936745040145e-02 6.040919618117757128e-02 6.909928971568904399e-02 7.795792456076396093e-02 8.687095621658923184e-02 9.571360391299127413e-02 1.043502334346566862e-01 1.126343404912094476e-01 1.204087619601814513e-01 1.275061460611829900e-01 1.337497121812169232e-01 1.416586561958098900e-01 1.535188609696782891e-01 1.697690656209570881e-01 1.896605631739473885e-01 2.121132263282361485e-01 2.375574844187709755e-01 2.659824521851158474e-01 2.972619803664056093e-01 3.310970581595363837e-01 3.669597750414822501e-01 4.040501867066648156e-01
2.438523240589240276e-02 3.722558609938293739e-02 4.985735316120581267e-02 5.805767359438371300e-02 6.658516597317010177e-02 7.534063962797024616e-02 8.421240525510242936e-02 9.307592243212363392e-02 1.017935932318314446e-01 1.102147288604791303e-01 1.181757216147437256e-01 1.255004573462668027e-01 1.320010029254458372e-01 1.399655509248638741e-01 1.517092363937193322e-01 1.677907750736994941e-01 1.874710044411792564e-01 2.096823881650910215e-01 2.348501731051177155e-01 2.629633108732170044e-01 2.938967516471662211e-01 3.273545677215344285e-01 3.628146332414777242e-01 3.994860752368772916e-01
2.336693262259642231e-02 3.569312925873584230e-02 4.784108810045931831e-02 5.586743488725844781e-02 6.426825853343508255e-02 7.294802232284239296e-02 8.179694113764901520e-02 9.069066090047769868e-02 9.949005955091369535e-02 1.080411998199430762e-01 1.161754684273688942e-01 1.237099386550358365e-01 1.304479923745581471e-01 1.384659958951265368e-01 1.501056690166095442e-01 1.660369939157618768e-01 1.855292436749646223e-01 2.075260451678640761e-01 2.324480576039558155e-01 2.602840986348534114e-01 2.909101062970517182e-01 3.240329001252463259e-01 3.591354951225962933e-01 3.954350687098389106e-01
2.241441856762431406e-02 3.425701989553406324e-02 4.595180091607425910e-02 5.384412327366710355e-02 6.215164952543019566e-02 7.078150108531063023e-02 7.962525267787420868e-02 8.855863462334008507e-02 9.744133903396340335e-02 1.061169613622326563e-01 1.144131124103034275e-01 1.221417378720489888e-01 1.290996815563417444e-01 1.371704348208357127e-01 1.487201555528325225e-01 1.645216063188808808e-01 1.838513472424413986e-01 2.056626519322785063e-01 2.303722170440909989e-01 2.579687463402068337e-01 2.883290334938063415e-01 3.211622738840375080e-01 3.559559263119622119e-01 3.919341253940811232e-01
2.152922457394082154e-02 3.292033686205043247e-02 4.419369746790781373e-02 5.198612815320255431e-02 6.022900202752625581e-02 6.883124800240655872e-02 7.768531491275459944e-02 8.666689054131022918e-02 9.563471186852437467e-02 1.044304977544741886e-01 1.128790384611945280e-01 1.207884781591824219e-01 1.279508256724257165e-01 1.360744920665125368e-01 1.475485043299973043e-01 1.632404774264120950e-01 1.824331457126694422e-01 2.040879391416825783e-01 2.286182024952270742e-01 2.560125393878865951e-01 2.861484616598307662e-01 3.187371674764060137e-01 3.532698670936603169e-01 3.889765730886892148e-01
2.071044987201769993e-02 3.168232061554936141e-02 4.256553161817960840e-02 5.028385699176433216e-02 5.848373137079213718e-02 6.707526681783448907e-02 7.595141128779808737e-02 8.498768071628569343e-02 9.404197290494489825e-02 1.029544934014591934e-01 1.115478264510005174e-01 1.196271856897675318e-01 1.269808784371702914e-01 1.351578908361944498e-01 1.465691774394449476e-01 1.621701863611554328e-01 1.812488306189278531e-01 2.027733549909044031e-01 2.271543006026613409e-01 2.543801809685312665e-01 2.843290994605689459e-01 3.167139181525803759e-01 3.510289728022998879e-01 3.865091806974885191e-01
1.989161956494287647e-02 3.044175687575611036e-02 4.091990755959697135e-02 4.845596405154067171e-02 5.652035685009518251e-02 6.502740145766902624e-02 7.387196997820494326e-02 8.292924736054296808e-02 9.205455354252151112e-02 1.010832644931824176e-01 1.098308672692281662e-01 1.180931853460733816e-01 1.256468094759835008e-01 1.338606735626605981e-01 1.451752514494648594e-01 1.606394904990413874e-01 1.795484441556513822e-01 2.008801009684100525e-01 2.250410451516986488e-01 2.520197540149528015e-01 2.816952956994230317e-01 3.137830407794242604e-01 3.477819129871345116e-01 3.829339247326706275e-01
1.913147159427724259e-02 2.928889530780685521e-02 3.938850219007244968e-02 4.674767029676583224e-02 5.468064816995512473e-02 6.310595646739902698e-02 7.192037465307180022e-02 8.099871897959574907e-02 9.019367262015060005e-02 9.933570325691222502e-02 1.082331048835582649e-01 1.166722013277766423e-01 1.244177478229542277e-01 1.326679803262320323e-01 1.438930720084410919e-01 1.592309833808118469e-01 1.779833197707226811e-01 1.991370358184733347e-01 2.230950787172180094e-01 2.498458992961414271e-01 2.792694621130817900e-01 3.110834553346467080e-01 3.447910329394779927e-01 3.796407418721345906e-01
1.843149434136388473e-02 2.822638060869224821e-02 3.797575789833628618e-02 4.516862537660018551e-02 5.297852182150663419e-02 6.132804476205462596e-02 7.011583025436299299e-02 7.921635005737680257e-02 8.847974933990336577e-02 9.773176194290186802e-02 1.067737411052881447e-01 1.153828439760932190e-01 1.233124069248057869e-01 1.315998675890044101e-01 1.427446417736151218e-01 1.579692390710649430e-01 1.765811283841264567e-01 1.975752964056020078e-01 2.213514336857697051e-01 2.478979696073122796e-01 2.770956745697129020e-01 3.086643158627573880e-01 3.421108396617985048e-01 3.766896484065525019e-01
1.779144887070724726e-02 2.725415728607661486e-02 3.668250811817268253e-02 4.372499075856716572e-02 5.142443024780327110e-02 5.970723365786773790e-02 6.847381164212494598e-02 7.759839214324025514e-02 8.692886513597568310e-02 9.628669646475432331e-02 1.054669492648134671e-01 1.142384516056132726e-01 1.223441475932464662e-01 1.306708226524302408e-01 1.417458869609888039e-01 1.568720746899165686e-01 1.753619587401805957e-01 1.962175104675542014e-01 2.198355878087326631e-01 2.462045999682003772e-01 2.752060160313276604e-01 3.065614089490744099e-01 3.397810203402443219e-01 3.741243428992654385e-01
1.720927842216498846e-02 2.636933626973377714e-02 3.550580571218123205e-02 4.241925725205041020e-02 5.002516849354649714e-02 5.825334080371590006e-02 6.700584920980097448e-02 7.615686987587969026e-02 8.555253122880492056e-02 9.501082707259146665e-02 1.043216301219992009e-01 1.132468443464682423e-01 1.215207330737729380e-01 1.298895126974056458e-01 1.409063894925522697e-01 1.559502579803601907e-01 1.743379941219949658e-01 1.950774380565127586e-01 2.185630651733184715e-01 2.447832628912527397e-01 2.736200810370100767e-01 3.047966027802320732e-01 3.378258321904895611e-01 3.719715343608751001e-01
1.668103428547603601e-02 2.556608591944290604e-02 3.443878301894526262e-02 4.125009639409919771e-02 4.878371692894759026e-02 5.697226837731640681e-02 6.571935488516562895e-02 7.489939938125210472e-02 8.435750033229240386e-02 9.390934465876528414e-02 1.033412144861731302e-01 1.124101252582689753e-01 1.208441313149737767e-01 1.292585823309523874e-01 1.402291710329714169e-01 1.552072716319129742e-01 1.735132519033207310e-01 1.941596827542368953e-01 2.175391148902205973e-01 2.436399103214019479e-01 2.723445767945062990e-01 3.033774036439665922e-01 3.362536113023135709e-01 3.702404014503543062e-01
1.617664461943498985e-02 2.479849008740259500e-02 3.342377276397096031e-02 4.018543284960835599e-02 4.768733049060714518e-02 5.586355832321243664e-02 6.461897690249304715e-02 7.382905899985682530e-02 8.333975036068812237e-02 9.296738254243631927e-02 1.024986733411402673e-01 1.116908502078375470e-01 1.202719307720851866e-01 1.287344017779504246e-01 1.396670259167808736e-01 1.545909830186712741e-01 1.728295538325241854e-01 1.933992337092478309e-01 2.166909738427064969e-01 2.426931096635561724e-01 2.712885216197579719e-01 3.022024917488387308e-01 3.349520717468063014e-01 3.688073089530925497e-01
1.563756130059612559e-02 2.397690626342308118e-02 3.234766883630645073e-02 3.915971859687194384e-02 4.670627099910948377e-02 5.492005201133772635e-02 6.370663251265194782e-02 7.294426974029177835e-02 8.248376896398469660e-02 9.214839580136523212e-02 1.017338698781117962e-01 1.110084707435501361e-01 1.197132860384556713e-01 1.282228273858080358e-01 1.391179147672406136e-01 1.539885394318233347e-01 1.721608134943943269e-01 1.926550684118755463e-01 2.158606949881129999e-01 2.417660082817930933e-01 2.702542602678468242e-01 3.010517111970895110e-01 3.336772100453517798e-01 3.674035907705214821e-01
1.513401842400827202e-02 2.320910461315584677e-02 3.134633757567355239e-02 3.824842088582829785e-02 4.587046251839033140e-02 5.414284220098106171e-02 6.297165987127377462e-02 7.223857256321503106e-02 8.180065652645904239e-02 9.149031929892918746e-02 1.011152872252826795e-01 1.104586944873519050e-01 1.192792992067148589e-01 1.278404476903807485e-01 1.387084141213958677e-01 1.535401212502301160e-01 1.716638201361785354e-01 1.921026982010946293e-01 2.152449789211148268e-01 2.410789516225137208e-01 2.694881311628469223e-01 3.001994910326780674e-01 3.327332043171349896e-01 3.663641697857689672e-01
1.466719827877926811e-02 2.249700727321298638e-02 3.042188143124179706e-02 3.744860821685434132e-02 4.517301154742489611e-02 5.352230139315927032e-02 6.240298524176676742e-02 7.170069939393779179e-02 8.128007126199383869e-02 9.098463144784554868e-02 1.006367956825690302e-01 1.100379376806799314e-01 1.189685738849120128e-01 1.275865267102069267e-01 1.384378047640387188e-01 1.532450041756455716e-01 1.713378282793708851e-01 1.917413449528558300e-01 2.148430010615770824e-01 2.406310539929838732e-01 2.689891722373949356e-01 2.996447775869481855e-01 3.321188951820540081e-01 3.656877694345397334e-01
1.423758284656089119e-02 2.184144828567102445e-02 2.957483126521558148e-02 3.675468541492144664e-02 4.460345501103029492e-02 5.304454594039455240e-02 6.198482614104511984e-02 7.131445087373985969e-02 8.090672511052944549e-02 9.061801583416743966e-02 1.002877289034751485e-01 1.097383665202995850e-01 1.187756816901982815e-01 1.274561613321227305e-01 1.383008344714912463e-01 1.530974356698693861e-01 1.711764612421780574e-01 1.915639206325778776e-01 2.146468598310415088e-01 2.404134977510590243e-01 2.687475506457835395e-01 2.993766328321065262e-01 3.318221664508115842e-01 3.653610488852747085e-01
1.384493674621079147e-02 2.124214869299884123e-02 2.880411379571668623e-02 3.615835258730463325e-02 4.414771254048212995e-02 5.269138339984025948e-02 6.169663539256638185e-02 7.105863856712499316e-02 8.066032533486375278e-02 9.037230317498214094e-02 1.000528268761659567e-01 1.095478414737749290e-01 1.186911078230753896e-01 1.274402256934829281e-01 1.382876588006999585e-01 1.530865704445126263e-01 1.711676399418272376e-01 1.915569484316172744e-01 2.146414889736008025e-01 2.404094356519065334e-01 2.687444540096614598e-01 2.993741134952279670e-01 3.318198112613267581e-01 3.653584556453182142e-01
1.348829280672859607e-02 2.069769549681448398e-02 2.810702412208104101e-02 3.564857053678636284e-02 4.378804629879971128e-02 5.244026824198665809e-02 6.151305408468899644e-02 7.090703638927060848e-02 8.051552545219210766e-02 9.022442256753809842e-02 9.991218804507109863e-02 1.094498705345959000e-01 1.187012053941634698e-01 1.275253245244097611e-01 1.383837914303920336e-01 1.531964163694551073e-01 1.712935232059779878e-01 1.917004966609616445e-01 2.148045840675054663e-01 2.405939090057036545e-01 2.689519992764456413e-01 2.996061697525103096e-01 3.320774198987332948e-01 3.656421020423369916e-01
1.316593981711630494e-02 2.020552381159920405e-02 2.747920244628694608e-02 3.521153149494685164e-02 4.350302701576160003e-02 5.226426442987607002e-02 6.140387184603329079e-02 7.082833960460793721e-02 8.044188382702084639e-02 9.014636036093924554e-02 9.984122892830007978e-02 1.094235698054233097e-01 1.187881569223663142e-01 1.276937538280761286e-01 1.385700623223374839e-01 1.534057889084234905e-01 1.715304575015035027e-01 1.919681230816777662e-01 2.151065406447019157e-01 2.409337787673569431e-01 2.693331559824930221e-01 3.000315599368627573e-01 3.325492853486090583e-01 3.661616612313548513e-01
1.285630153562230919e-02 1.973256973022310609e-02 2.686629882203460731e-02 3.469437339645780466e-02 4.305875487460981976e-02 5.186903847129765988e-02 6.103644581582907264e-02 7.047363538476085487e-02 8.009456834055686536e-02 8.981442309538717472e-02 9.954955556899204583e-02 1.092175048179202940e-01 1.187370455066597830e-01 1.277337206670614012e-01 1.386166688923104184e-01 1.534603090919194335e-01 1.715940334978263149e-01 1.920415523590540130e-01 2.151907385531947325e-01 2.410296206025874244e-01 2.694414292963871471e-01 3.001529048132942634e-01 3.326841250880394618e-01 3.663101298799585903e-01
1.256226665391052544e-02 1.928330285796027097e-02 2.627602876950700661e-02 3.412120071149700451e-02 4.249297019587974789e-02 5.130268481273714959e-02 6.046565745638489420e-02 6.990098146320367078e-02 7.953139989605893800e-02 8.928322069962889296e-02 9.908627315216664289e-02 1.088739038109128726e-01 1.185830120738277649e-01 1.276791833759303996e-01 1.385604794063108880e-01 1.534008082847992394e-01 1.715299209384355539e-01 1.919719081366480506e-01 2.151144739511519910e-01 2.409456184234660403e-01 2.693485748112521283e-01 3.000501426129560389e-01 3.325705430084579528e-01 3.661850675064157179e-01
1.229524493528720737e-02 1.887527159385797224e-02 2.573791839555401167e-02 3.357963489495775777e-02 4.194133080398185914e-02 5.073696176068825947e-02 5.988647111368019388e-02 6.931561064287251883e-02 7.895581353671347891e-02 8.874411021575877301e-02 9.862308129500806098e-02 1.085408447766637308e-01 1.184510765886949146e-01 1.276523174079384759e-01 1.385341007080334030e-01 1.533741133247991661e-01 1.715023143575686027e-01 1.919429662679390247e-01 2.150836886003008319e-01 2.409124527869417887e-01 2.693124727258384143e-01 3.000105522290690829e-01 3.325269562561268266e-01 3.661370752287462782e-01
1.205387817260137814e-02 1.850642412586897198e-02 2.524947339461135545e-02 3.306900427370677853e-02 4.140482818804597925e-02 5.017427475043139545e-02 5.930237737601663783e-02 6.872170024612841988e-02 7.837221515254003124e-02 8.820121806608612058e-02 9.816327893591775267e-02 1.082202210225351180e-01 1.183411281602572696e-01 1.276520076010286553e-01 1.385363447152444527e-01 1.533789288865938516e-01 1.715097832472615436e-01 1.919531413735102998e-01 2.150966191470249089e-01 2.409281591154117108e-01 2.693309346553161010e-01 3.000317008461702573e-01 3.325506706945722257e-01 3.661631866009815717e-01
1.183632186034441584e-02 1.817395727627717228e-02 2.480722649676099512e-02 3.258791424488249877e-02 4.088393898177171415e-02 4.961666624989104907e-02 5.871658936338305240e-02 6.812316307867555265e-02 7.778468441485851537e-02 8.765821004471316402e-02 9.770950326622528104e-02 1.079130063341549872e-01 1.182518360671854785e-01 1.276757313547458028e-01 1.385644932492514358e-01 1.534122632162614741e-01 1.715489979885371497e-01 1.919987207216974634e-01 2.151491168153274736e-01 2.409880996732672864e-01 2.693987829864097350e-01 3.001078250790927271e-01 3.326353003504529671e-01 3.662563701883534417e-01
1.164024110586929853e-02 1.787431056969414345e-02 2.440673008356904899e-02 3.213424077679251367e-02 4.037861901606994847e-02 4.906581003635596822e-02 5.813203692240358905e-02 6.752364127231763602e-02 7.719696804451074701e-02 8.711828384946287973e-02 9.726372143719302921e-02 1.076192458541320035e-01 1.181806399008500652e-01 1.277195482398886806e-01 1.386142869854266602e-01 1.534694161036781745e-01 1.716147165864821134e-01 1.920738495436516702e-01 2.152346310872350899e-01 2.410849453962836952e-01 2.695078306452135530e-01 3.002298084864371552e-01 3.327707425142276687e-01 3.664055021512638843e-01
1.146280707436694510e-02 1.760316107872936589e-02 2.404254977527587461e-02 3.170512476531561069e-02 3.988829815488846575e-02 4.852300622729428109e-02 5.755136158696351478e-02 6.692650094117905124e-02 7.661247397130609149e-02 8.658416260479967486e-02 9.682722337009586067e-02 1.073380481768712175e-01 1.181237410255568387e-01 1.277780909988132652e-01 1.386799158839842061e-01 1.535439684674295979e-01 1.716997731848092512e-01 1.921705183193160305e-01 2.153441955742858571e-01 2.412086601612337122e-01 2.696468635825462479e-01 3.003851621046760845e-01 3.329431561857056354e-01 3.665953425122233100e-01
1.130069388907072730e-02 1.735541893233920677e-02 2.370825884511615703e-02 3.129696711863216851e-02 3.941187579769737936e-02 4.798917695295988606e-02 5.697691219032213761e-02 6.633482752983320407e-02 7.603426625119451276e-02 8.605808922691250695e-02 9.640061550327121143e-02 1.070675784758854526e-01 1.180760951566083711e-01 1.278445577255132859e-01 1.387540108763032354e-01 1.536277733072390905e-01 1.717950680893444437e-01 1.922785517344845485e-01 2.154664157466413543e-01 2.413464871242378684e-01 2.698016255630611981e-01 3.005580075429006848e-01 3.331349433550900851e-01 3.668065145448771713e-01
1.115007592092306411e-02 1.712522339065986055e-02 2.339643334023855034e-02 3.090542446403464483e-02 3.894771695131005879e-02 4.746486257701636180e-02 5.641074103339770163e-02 6.575142175192043303e-02 7.546506062984749408e-02 8.554182150692841990e-02 9.598381533779340447e-02 1.068050525107680643e-01 1.180314058903203372e-01 1.279107050501172016e-01 1.388276366199843737e-01 1.537109478202667301e-01 1.718895590755835645e-01 1.923855990597946597e-01 2.155874582427525776e-01 2.414829368192062398e-01 2.699548049143378758e-01 3.007290622560663262e-01 3.333247326963321711e-01 3.670154868191684017e-01
1.100662541244400855e-02 1.690593940558252073e-02 2.309864780814436039e-02 3.052540538774298207e-02 3.849364878946420765e-02 4.695021838659779734e-02 5.585460052937703951e-02 6.517879603433227031e-02 7.490722065948020314e-02 8.503662780850601566e-02 9.557604666611191346e-02 1.065467313861258036e-01 1.179821190474712733e-01 1.279668421814121604e-01 1.388902851667213889e-01 1.537818665113480643e-01 1.719702537927206842e-01 1.924771257438101513e-01 2.156910415284641058e-01 2.415997767589377343e-01 2.700860229492367814e-01 3.008756266780157063e-01 3.334873653198535681e-01 3.671945575140176943e-01
1.086551038922066101e-02 1.669015459907689097e-02 2.280547154359281042e-02 3.015106713279394265e-02 3.804695763155500204e-02 4.644501168573081373e-02 5.530994025752928450e-02 6.461917139560260925e-02 7.436275429066456499e-02 8.454328329271355857e-02 9.517583538661164577e-02 1.062879169553804931e-01 1.179194177140802102e-01 1.280018256847346714e-01 1.389298704123773098e-01 1.538271551548456573e-01 1.720222031070418045e-01 1.925364060461551841e-01 2.157584277120485894e-01 2.416760223233397065e-01 2.701718238214663725e-01 3.009715729474496948e-01 3.335938822891563182e-01 3.673118406721767037e-01
1.072139281962926176e-02 1.646967660182170265e-02 2.250646528417332703e-02 2.977581269176525838e-02 3.760438628262723071e-02 4.594861923637250795e-02 5.477790436961155890e-02 6.407447469833996156e-02 7.383331087318704966e-02 8.406206659682656512e-02 9.478100582238911664e-02 1.060229477793162844e-01 1.178332178818474879e-01 1.280030548920872979e-01 1.389327232194557948e-01 1.538316854884744511e-01 1.720284952526433542e-01 1.925445165644392442e-01 2.157684153525598614e-01 2.416879287536607968e-01 2.701856656126692680e-01 3.009873350026493477e-01 3.336115136530589664e-01 3.673312541238988871e-01
1.056842698938313500e-02 1.623553070346489199e-02 2.219017829374266351e-02 2.939228824079278407e-02 3.716213168561881969e-02 4.546002499988250484e-02 5.425932930096324935e-02 6.354633622480811150e-02 7.332017851019084764e-02 8.359275690503856215e-02 9.438867747522144969e-02 1.057451955632721513e-01 1.177121646058281179e-01 1.279564678574508507e-01 1.388835871193312699e-01 1.537785705381884693e-01 1.719702506781122797e-01 1.924803305316315494e-01 2.156973331243853820e-01 2.416089841000237659e-01 2.700979124809594900e-01 3.008898998559145221e-01 3.335036687842295455e-01 3.672125088489408551e-01
1.040025806248897483e-02 1.597795777313930007e-02 2.184414578207979560e-02 2.899238086940947659e-02 3.671584284424064121e-02 4.497781813887054281e-02 5.375474174562623608e-02 6.303608753246817131e-02 7.282428171830408747e-02 8.313463135850997221e-02 9.399526215622779068e-02 1.054470620085082438e-01 1.175436286095304095e-01 1.278465377836142391e-01 1.387656145158263910e-01 1.536491604887209872e-01 1.718266174949293901e-01 1.923205127795170888e-01 2.155190342219788779e-01 2.414099029930555917e-01 2.698758277270267292e-01 3.006427998877916341e-01 3.332299278469242343e-01 3.669110995819033216e-01
1.021002080436910452e-02 1.568641241496418134e-02 2.145488661675834519e-02 2.856721656747441759e-02 3.626061898104932651e-02 4.450019124530666531e-02 5.326435686087167831e-02 6.254475955272414955e-02 7.234617935350960705e-02 8.268646276003971396e-02 9.359646144348772456e-02 1.051199760229556412e-01 1.173137032781386979e-01 1.276562698579469246e-01 1.385603633235520937e-01 1.534230390272665612e-01 1.715747674475911755e-01 1.920395152796388338e-01 2.152048914062931195e-01 2.410586211299458326e-01 2.694835676556871507e-01 3.002061060253529146e-01 3.327460342436208696e-01 3.663782964954103716e-01
9.990338446411374529e-03 1.534956132838204319e-02 2.100790128964345055e-02 2.810715843610430906e-02 3.579100790043838326e-02 4.402493876575870602e-02 5.278807667156967115e-02 6.207308090149107893e-02 7.188606276841165432e-02 8.224651753521178277e-02 9.318726442420260936e-02 1.047543912446420172e-01 1.170072019893260429e-01 1.273671984438039806e-01 1.382477939842934322e-01 1.530780200985430162e-01 1.711898923373170733e-01 1.916095731862826612e-01 2.147237926090576621e-01 2.405202903815561455e-01 2.688821761288974765e-01 2.995364216889524478e-01 3.320038879125765674e-01 3.655611378202171524e-01
9.733321674158268780e-03 1.495528184748538651e-02 2.048767010580468742e-02 2.760180509426383988e-02 3.530100453061504884e-02 4.354945559880362554e-02 5.232548864908745379e-02 6.162147637472119993e-02 7.144375417150629348e-02 8.181255391738088967e-02 9.276194568512627359e-02 1.043397838378623543e-01 1.166076557384676804e-01 1.269593845820135847e-01 1.378062668129866053e-01 1.525901450184776187e-01 1.706452008411462606e-01 1.910007013170684775e-01 2.140421370232834797e-01 2.397572744408331125e-01 2.680295797214343745e-01 2.985868774087654942e-01 3.309515393670161010e-01 3.644024232819107478e-01
9.430567723836789928e-03 1.449066063711932154e-02 1.987765156717550066e-02 2.703998925666718095e-02 3.478404962228863473e-02 4.307073584318081572e-02 5.187586444297635768e-02 6.119006560582359450e-02 7.101870516322740523e-02 8.138182032849460013e-02 9.231406352015275596e-02 1.038646505278544435e-01 1.160973110212354109e-01 1.264114137634106960e-01 1.372125396317672441e-01 1.519336799013145667e-01 1.699119156765666605e-01 1.901806910159489494e-01 2.131238316186481185e-01 2.387291449442175695e-01 2.668805834031782731e-01 2.973071260265714999e-01 3.295331843823463003e-01 3.628407082511357351e-01
9.202239234473417323e-03 1.414033882995723371e-02 1.941542335891331683e-02 2.659255308864098485e-02 3.435356194127646423e-02 4.265791829698566823e-02 5.148026154152125777e-02 6.081030454542237645e-02 7.065275758245077864e-02 8.102726587824891913e-02 9.196835519584731222e-02 1.035253817302403123e-01 1.157624842836336571e-01 1.260642480997154480e-01 1.368367119456938008e-01 1.515184349161524113e-01 1.694483429950761899e-01 1.896625226498478145e-01 2.125437444765117256e-01 2.380798382535792290e-01 2.661550593084055505e-01 2.964991118523662705e-01 3.286376929852222184e-01 3.618547051771983103e-01
9.057504623238848626e-03 1.391842187461352076e-02 1.911921424987459220e-02 2.627318397995655197e-02 3.401928210647011536e-02 4.231767630176886535e-02 5.114340339352992787e-02 6.048627504736531907e-02 7.035080392634462942e-02 8.075614290472309109e-02 9.173603204212948947e-02 1.033387498215449923e-01 1.156270667936535046e-01 1.259462178894407980e-01 1.367095442301885233e-01 1.513784793372222326e-01 1.692925911539802653e-01 1.894888572116525671e-01 2.123496887878567330e-01 2.378629164815121710e-01 2.659128890368195886e-01 2.962295456173617558e-01 3.283390079019130603e-01 3.615258305378352133e-01
8.925100003409914759e-03 1.371541325642664823e-02 1.884824591867809845e-02 2.598162218825485550e-02 3.371575493711352622e-02 4.201135462196258635e-02 5.084362157196869320e-02 6.020215474599955457e-02 7.009088005757953266e-02 8.052799123592269126e-02 9.154589823557225670e-02 1.031911799366564547e-01 1.155245394564982653e-01 1.258588180116301802e-01 1.366155745937266686e-01 1.512752389106859496e-01 1.691778590386397163e-01 1.893610699672504116e-01 2.122070167103756733e-01 2.377035282860741616e-01 2.657350195172972773e-01 2.960315997954061085e-01 3.281197011571921340e-01 3.612843573923371632e-01
8.805768575305815415e-03 1.353245959621054463e-02 1.860405789555068592e-02 2.571952363840152717e-02 3.344468293041491513e-02 4.174064960946619746e-02 5.058258072144606460e-02 5.995958822917034359e-02 6.987466942942391346e-02 8.034464943796705561e-02 9.140013106387605279e-02 1.030854490577335220e-01 1.154586272365453470e-01 1.258064558688273271e-01 1.365595911300832022e-01 1.512140191387275068e-01 1.691100832629956474e-01 1.892858085964191361e-01 2.121231803216727940e-01 2.376100230035492200e-01 2.656307860946481303e-01 2.959156749617835591e-01 3.279913011126069922e-01 3.611429793298999158e-01
8.700227684995186922e-03 1.337066752298660989e-02 1.838813499890069522e-02 2.548847094281731993e-02 3.320767024686215735e-02 4.150712969482055203e-02 5.036178617122972351e-02 5.976003120442543309e-02 6.970364340448619023e-02 8.020773254368193661e-02 9.130069090840782497e-02 1.030241491499602757e-01 1.154329353201724445e-01 1.257934528149969033e-01 1.365462883076848655e-01 1.512000216505200167e-01 1.690950840952854528e-01 1.892695903962005322e-01 2.121054854542415158e-01 2.375905860482353527e-01 2.656093407828878927e-01 2.958919674090466634e-01 3.279651096802721488e-01 3.611141406019390820e-01
8.609168636156338053e-03 1.323110340215227602e-02 1.820190698751211061e-02 2.528997299406310004e-02 3.300622223926431842e-02 4.131223485141670426e-02 5.018258333642296870e-02 5.960474984252567276e-02 6.957906054997922696e-02 8.011863131354968193e-02 9.124932048964434772e-02 1.030096864153497160e-01 1.154509484067515190e-01 1.258240434515014716e-01 1.365802662217520114e-01 1.512383433888985773e-01 1.691385645616919897e-01 1.893188012891515726e-01 2.121610905937833247e-01 2.376532376861773266e-01 2.656796509001154716e-01 2.959704676299598769e-01 3.280522006431161874e-01 3.612100342725561575e-01
8.533256519800400119e-03 1.311479308951801065e-02 1.804674824590152965e-02 2.512546459633333007e-02 3.284174502683632341e-02 4.115727611101526601e-02 5.004615717655330059e-02 5.949482018395772787e-02 6.950196600067323760e-02 8.007851156769231482e-02 9.124754418517887211e-02 1.030442806183367865e-01 1.155160300678701318e-01 1.259023749908510237e-01 1.366660299184683236e-01 1.513339758753969866e-01 1.692461096363837569e-01 1.894396949272053043e-01 2.122970058837534424e-01 2.378058319271545151e-01 2.658504978350471615e-01 2.961609589467625869e-01 3.282634181371406612e-01 3.614426005473929671e-01
8.473130059922158105e-03 1.302272170840247309e-02 1.792397749922708741e-02 2.499630613161346604e-02 3.271554510940440780e-02 4.104343512496079482e-02 4.995353170528157860e-02 5.943112760153693858e-02 6.947319088210292259e-02 8.008831358108006726e-02 9.129666741231060034e-02 1.031299644752605715e-01 1.156314221672692932e-01 1.260325066807603256e-01 1.368079887832399089e-01 1.514918045450087403e-01 1.694231855084179506e-01 1.896383918805917279e-01 2.125200922244118995e-01 2.380560555218731444e-01 2.661304759306760692e-01 2.964730162705976335e-01 3.286093752778099231e-01 3.618235252611824437e-01
8.429401473377732407e-03 1.295583344731728037e-02 1.783485755457863559e-02 2.490378325677538793e-02 3.262882901741271519e-02 4.097176376616409182e-02 4.990556954571229858e-02 5.941436631303777943e-02 6.949335178751107900e-02 8.014875153512028561e-02 9.139777606821973543e-02 1.032685831008105098e-01 1.158002443349139127e-01 1.262184092819727821e-01 1.370104559860886029e-01 1.517166081431016444e-01 1.696751389171561042e-01 1.899208789025786381e-01 2.128370604561077295e-01 2.384114270529277824e-01 2.665279914723259203e-01 2.969160049769572485e-01 3.291004529149000879e-01 3.623642385067453175e-01
8.402656342491428981e-03 1.291503137606838693e-02 1.778059506585885630e-02 2.484910662833286765e-02 3.258270299393181690e-02 4.094318376752016653e-02 4.990297152645344764e-02 5.944503893852357002e-02 6.956285030279911463e-02 8.026031301961100706e-02 9.155173602158066248e-02 1.034617935053520621e-01 1.160254934894126150e-01 1.264639645941025292e-01 1.372776479780681291e-01 1.520130581778346424e-01 1.700071965488612613e-01 1.902930082619128105e-01 2.132544706177790517e-01 2.388792961094891865e-01 2.670512617689163593e-01 2.974990798847175766e-01 3.297467985020494652e-01 3.630759133902805025e-01
8.393453499070504045e-03 1.290117727835794238e-02 1.776234031979600364e-02 2.483341165196873215e-02 3.257817270532237242e-02 4.095848639294577542e-02 4.994627631415294450e-02 5.952345609768347479e-02 6.968187257444191651e-02 8.042325857976481696e-02 9.175919265020199278e-02 1.037110641377770176e-01 1.163100434036962033e-01 1.267729650244385498e-01 1.376136840333281319e-01 1.523857184222282835e-01 1.704244644880227033e-01 1.907604971358229651e-01 2.137787312727312261e-01 2.394668425368848552e-01 2.677083143176055002e-01 2.982311843278320218e-01 3.305583250689054786e-01 3.639694648996210646e-01
8.402324918660256450e-03 1.291509149919379054e-02 1.778118704091592728e-02 2.485775825428298419e-02 3.261614297759857228e-02 4.101833213766865882e-02 5.003586007874075842e-02 5.964973604303736715e-02 6.985038891591716093e-02 8.063762130363193170e-02 9.202057041992098285e-02 1.040176744691562599e-01 1.166566443094665395e-01 1.271491131952503240e-01 1.380225858320830445e-01 1.528390444607274079e-01 1.709319277177230034e-01 1.913289270572870182e-01 2.144160988947001467e-01 2.401810757532842899e-01 2.685069860431377187e-01 2.991210493100462386e-01 3.315447102851969419e-01 3.650555488737084464e-01
8.429775624005528267e-03 1.295755280560832723e-02 1.783817221355134611e-02 2.492313067450573419e-02 3.269741755587877996e-02 4.112325045479000435e-02 5.017193618804390021e-02 5.982380432534915166e-02 7.006815344871691886e-02 8.090320644579498954e-02 9.233607250053506299e-02 1.043827146130213018e-01 1.170679225364493897e-01 1.275960215856554447e-01 1.385082770803005292e-01 1.533773832757007738e-01 1.715344496640197058e-01 1.920037434110036523e-01 2.151726773080199773e-01 2.410288341266099976e-01 2.694549226042377010e-01 3.001771927341214674e-01 3.327153956073072294e-01 3.663445610629054161e-01
8.476283596801878137e-03 1.302929825935835763e-02 1.793427591918490480e-02 2.503043727417586517e-02 3.282269888460800228e-02 4.127363950548299659e-02 5.035455492882157796e-02 6.004539348800862208e-02 7.033470377446016109e-02 8.121959108368162483e-02 9.270568041503733647e-02 1.048070849785822517e-01 1.175463801829414456e-01 1.281172122045619310e-01 1.390745831624007056e-01 1.540049728698444920e-01 1.722367717798995446e-01 1.927902549731473070e-01 2.160544171764293697e-01 2.420167844055877704e-01 2.705595777602759489e-01 3.014079186980386238e-01 3.340795854990105118e-01 3.678466362709680304e-01
8.542299696921731855e-03 1.313102310042631345e-02 1.807042118761352859e-02 2.518051036301042350e-02 3.299258790649743645e-02 4.146976593048595783e-02 5.058360325160169563e-02 6.031404278750751580e-02 7.064936067501742523e-02 8.158612380325371005e-02 9.312915371884510074e-02 1.052914959536055267e-01 1.180943948145378730e-01 1.287161162915932966e-01 1.397252308236810459e-01 1.547259419209137121e-01 1.730435131648595803e-01 1.936936334905438040e-01 2.170671155356681536e-01 2.431514211995400021e-01 2.718282127921964331e-01 3.028213168515028753e-01 3.356462467189761933e-01 3.695716475705351778e-01
8.628247588390945688e-03 1.326338064027333952e-02 1.824747386058889892e-02 2.537410603938720921e-02 3.320758387835507502e-02 4.171176464081042395e-02 5.085880453699115344e-02 6.062909793745571013e-02 7.101122783790465853e-02 8.200192441119467934e-02 9.360602970608113138e-02 1.058364676140432781e-01 1.187142191882766401e-01 1.293960740432499867e-01 1.404638478795491030e-01 1.555443094656071834e-01 1.739591702166180531e-01 1.947189132953941471e-01 2.182164153655618832e-01 2.444390665021324294e-01 2.732678959723739420e-01 3.044252618068242766e-01 3.374241076684809659e-01 3.715292055849108155e-01
8.734523671469613532e-03 1.342698216390933452e-02 1.846624246673592845e-02 2.561190404403491591e-02 3.346808420218040647e-02 4.199963862581144319e-02 5.117971838138769131e-02 6.098971087386454576e-02 7.141919160450387050e-02 8.246588367103220574e-02 9.413562314028976752e-02 1.064423294578246831e-01 1.194079809997389274e-01 1.301603343618640829e-01 1.412939629489649018e-01 1.564639846097807541e-01 1.749881163118395533e-01 1.958709909520995052e-01 2.195078051977651379e-01 2.458858692548106795e-01 2.748855020786565850e-01 3.062274125989000728e-01 3.394216577934880963e-01 3.737286578297074335e-01
8.861497020260679716e-03 1.362239683994545363e-02 1.872747810668016696e-02 2.589450762567746187e-02 3.377438427007320443e-02 4.233325877696865469e-02 5.154574040024624548e-02 6.139483953967030117e-02 7.187192073893393374e-02 8.297666306091296129e-02 9.471702600725637189e-02 1.071092201605028105e-01 1.201776826509133173e-01 1.310120546251698492e-01 1.422190052097806745e-01 1.574887662624719908e-01 1.761346015131002307e-01 1.971546249331171952e-01 2.209466187557529993e-01 2.474978049461315222e-01 2.766877119483643344e-01 3.082352121895997610e-01 3.416471470358914408e-01 3.761790881086259364e-01
9.009509325330768148e-03 1.385015163788338999e-02 1.903187434742900641e-02 2.622244341751254343e-02 3.412667732166037998e-02 4.271236372590313940e-02 5.195610204725009673e-02 6.184324768668898048e-02 7.236786621562862898e-02 8.353269455099079921e-02 9.534910728784749823e-02 1.078370873506973721e-01 1.210252010368673831e-01 1.319543004745465098e-01 1.432423041739128156e-01 1.586223428914909361e-01 1.774027522996179385e-01 1.985744353211089386e-01 2.225380346240159457e-01 2.492806752435986484e-01 2.786810120684737324e-01 3.104558870123634295e-01 3.441085853292846775e-01 3.788893159582588099e-01
9.178874840881820832e-03 1.411073125197392052e-02 1.938006712515170579e-02 2.659616132352229240e-02 3.452505431288205306e-02 4.313655969531034889e-02 5.240987044791101807e-02 6.233350469338331395e-02 7.290526102388335261e-02 8.413218039860495545e-02 9.603051274901046319e-02 1.086256874034918357e-01 1.219522873494765514e-01 1.329900456201957570e-01 1.443670894804987559e-01 1.598682922985669164e-01 1.787965713195324713e-01 2.001349035349304917e-01 2.242870759437387285e-01 2.512401076549748979e-01 2.808716941986150184e-01 3.128964465532626527e-01 3.468137421351040750e-01 3.818678961373495051e-01
9.369880336059685857e-03 1.440457803104636808e-02 1.977263465559235545e-02 2.701603441371837333e-02 3.496950379509832646e-02 4.360532036162748093e-02 5.290594824627754822e-02 6.286398539699350474e-02 7.348211998781516152e-02 8.477309295961650559e-02 9.675966475126507316e-02 1.094745852501371464e-01 1.229605668966443910e-01 1.341221716616991799e-01 1.455964907053881319e-01 1.612300814122563097e-01 1.803199371617566493e-01 2.018403720772719845e-01 2.261986101325268173e-01 2.533815552163610763e-01 2.832658550238648654e-01 3.155636829651735642e-01 3.497701460154329922e-01 3.851231181564173656e-01
9.381558841427646220e-03 1.442273685831711554e-02 1.979740130337150419e-02 2.704790714192767398e-02 3.501281880702927785e-02 4.366481438344560484e-02 5.298662228829008336e-02 6.297096984639941053e-02 7.362054072781396008e-02 8.494793832036086345e-02 9.697565317813684749e-02 1.097360336293028982e-01 1.232712595092782110e-01 1.344680141382299521e-01 1.459723290351304381e-01 1.616466446866030859e-01 1.807861516564936433e-01 2.023625143668821846e-01 2.267840064507272713e-01 2.540374934833953269e-01 2.839992986568395938e-01 3.163808454049250041e-01 3.506759304106570330e-01 3.861204545919023068e-01
9.394524305808039932e-03 1.444286694689735778e-02 1.982486864385538811e-02 2.708335579657851488e-02 3.506040629535928793e-02 4.372906947939000921e-02 5.307232147477996403e-02 6.308301504450306019e-02 7.376383801386821037e-02 8.512727744757385417e-02 9.719558779315373709e-02 1.100007621239239286e-01 1.235845064752130462e-01 1.348162082805867690e-01 1.463507066684185953e-01 1.620660076905785785e-01 1.812554864400802157e-01 2.028881398166766936e-01 2.273732982661387514e-01 2.546977889717690902e-01 2.847376086731309708e-01 3.172034260399556604e-01 3.515877188889636740e-01 3.871244019723887320e-01
9.408815074239997023e-03 1.446502768399912306e-02 1.985511912751910038e-02 2.712249719017206448e-02 3.511241958372124383e-02 4.379827723492255714e-02 5.316327711006538920e-02 6.320039328535061174e-02 7.391232632372672640e-02 8.531146823019281067e-02 9.741987126875722991e-02 1.102692198193751388e-01 1.239008052928450426e-01 1.351672943596897158e-01 1.467322107894936112e-01 1.624888212833364154e-01 1.817286699931045801e-01 2.034180643351745643e-01 2.279674003613821609e-01 2.553634667238868228e-01 2.854819312527899777e-01 3.180327018931636829e-01 3.525069269732457600e-01 3.881365188945621880e-01
9.424463670081083613e-03 1.448926948204523439e-02 1.988822285092820344e-02 2.716543149072727162e-02 3.516899124061791809e-02 4.387260462888702833e-02 5.325969234521069767e-02 6.332334547996039398e-02 7.406628581743600337e-02 8.550083154428574084e-02 9.764886671939142226e-02 1.105418137245501448e-01 1.242206087348656923e-01 1.355217647829712602e-01 1.471173765873728945e-01 1.629156787123788308e-01 1.822063663333693129e-01 2.039530316487481731e-01 2.285671466040593014e-01 2.560354611258369162e-01 2.862333112144365699e-01 3.188698370605051458e-01 3.534348450144869647e-01 3.891582261314647795e-01
9.441496782458990572e-03 1.451563376057682722e-02 1.992423753329821898e-02 2.721224219152168500e-02 3.523023304276321627e-02 4.395219399085668888e-02 5.336174212975593190e-02 6.345208110277092417e-02 7.422596227880222386e-02 8.569565118978221541e-02 9.788289763372096108e-02 1.108189086997557055e-01 1.245443247720022933e-01 1.358800640143731642e-01 1.475066871709126148e-01 1.633471155212253834e-01 1.826891749141720256e-01 2.044937131891092219e-01 2.291732898217927750e-01 2.567146157683220520e-01 2.869926918604574495e-01 3.197158825389732062e-01 3.543726380012967025e-01 3.901908064227783135e-01
9.459935254633754231e-03 1.454415292947542140e-02 1.996320849475926446e-02 2.726299608303544078e-02 3.529623594109484314e-02 4.403716296159219945e-02 5.346957316696808460e-02 6.358677814199827083e-02 7.439156706112851070e-02 8.589617383182709953e-02 9.812224781180392541e-02 1.111008273898783927e-01 1.248723165023373077e-01 1.362425885001984083e-01 1.479005734900884494e-01 1.637836094638421836e-01 1.831776305300347185e-01 2.050407079890355366e-01 2.297865016864198695e-01 2.574016833177767416e-01 2.877609148335445455e-01 3.205717760671789596e-01 3.553213453833986013e-01 3.912354042804724319e-01
9.479794073194674001e-03 1.457485037338995641e-02 2.000516863618342217e-02 2.731774322691433998e-02 3.536707002923466375e-02 4.412760445634907047e-02 5.358330387231928504e-02 6.372758305357456576e-02 7.456327703686853325e-02 8.610260894636848072e-02 9.836716130680241144e-02 1.113878501623811884e-01 1.252049020857371187e-01 1.366096866003254640e-01 1.482994142629701639e-01 1.642255804252622797e-01 1.836722032292549822e-01 2.055945425856441910e-01 2.304073726065682670e-01 2.580973253968135706e-01 2.885387199836182415e-01 3.214383419774735628e-01 3.562818809078976967e-01 3.922930258085223776e-01
9.501082358023061822e-03 1.460774043726918714e-02 2.005013842044549299e-02 2.737651693178477785e-02 3.544278451419404646e-02 4.422358663079856839e-02 5.370302433492370880e-02 6.387461071837081950e-02 7.474123455087113010e-02 8.631512876962849079e-02 9.861784237085423344e-02 1.116802150497271107e-01 1.255423546829651793e-01 1.369816585243377183e-01 1.487035359079159624e-01 1.646733903478813099e-01 1.841732982327107249e-01 2.061556709305826796e-01 2.310364116279155777e-01 2.588021124732223233e-01 2.893267452442704890e-01 3.223162910586482854e-01 3.572550324672590927e-01 3.933645385355219459e-01
9.523803352958553833e-03 1.464282841290942723e-02 2.009812585500030113e-02 2.743933373076921922e-02 3.552340768914056396e-02 4.432515284934820943e-02 5.382879628169142533e-02 6.402794440243457508e-02 7.492554737692168343e-02 8.653386825113824898e-02 9.887445540476420824e-02 1.119781176958678098e-01 1.258849023990948335e-01 1.373587562721655109e-01 1.491132124805587822e-01 1.651273431629624588e-01 1.846812558584042807e-01 2.067244743065692891e-01 2.316740463405004002e-01 2.595165237568168859e-01 2.901255265179447096e-01 3.232062204283435158e-01 3.582414619580389648e-01 3.944506712591359099e-01
9.547954417112192865e-03 1.468011052643563956e-02 2.014912647567002404e-02 2.750619336056470479e-02 3.560894690805913032e-02 4.443232165566707303e-02 5.396065304397833912e-02 6.418763571999774875e-02 7.511628867731266757e-02 8.675892501004721369e-02 9.913712491120392489e-02 1.122817113064654010e-01 1.262327282308721155e-01 1.377411835788722172e-01 1.495286656151926519e-01 1.655876847269258101e-01 1.851963514512782460e-01 2.073012612497649176e-01 2.323206227925111444e-01 2.602409471034913824e-01 2.909354975691399448e-01 3.241086134143763564e-01 3.592417051494863900e-01 3.955520139014205849e-01
9.573527016774843745e-03 1.471957392664137790e-02 2.020312333154500664e-02 2.757707874195930442e-02 3.569938856215596618e-02 4.454508674523991602e-02 5.409859952653260640e-02 6.435370459903279328e-02 7.531349696519994141e-02 8.699035929444473569e-02 9.940593545113965424e-02 1.125911066025486462e-01 1.265859700177107139e-01 1.381290958632520605e-01 1.499500644702070618e-01 1.660546027620380394e-01 1.857187953178793816e-01 2.078862674775077413e-01 2.329764054100305903e-01 2.609756789259054521e-01 2.917569899249947141e-01 3.250238394442660494e-01 3.602561715612264681e-01 3.966690173741442837e-01
9.600506717874010207e-03 1.476119667411998106e-02 2.026008697091003646e-02 2.765195596167304565e-02 3.579469805786762021e-02 4.466341693978897326e-02 5.424261217855565892e-02 6.452613924915547028e-02 7.551717606952484951e-02 8.722819394345475430e-02 9.968093160323134028e-02 1.129063717773304415e-01 1.269447203960319681e-01 1.385226001799375328e-01 1.503775256772464652e-01 1.665282268011529232e-01 1.862487326654852782e-01 2.084796558209846828e-01 2.336415769222639771e-01 2.617209241102720907e-01 2.925902327826637173e-01 3.259521539423103631e-01 3.612851443493014791e-01 3.978019934533092439e-01
9.628873178936259505e-03 1.480494773112504305e-02 2.031997542811598070e-02 2.773077425541947000e-02 3.589481979634921716e-02 4.478725616341742294e-02 5.439263896671164139e-02 6.470489613168931009e-02 7.572729510229969652e-02 8.747241435188542191e-02 9.996211792596908230e-02 1.132275324559383900e-01 1.273090267566849842e-01 1.389217551747383705e-01 1.508111132938029508e-01 1.670086281361824188e-01 1.867862435453419567e-01 2.090815161624503260e-01 2.343162382918173581e-01 2.624767959387655503e-01 2.934353529229509761e-01 3.268936982336135277e-01 3.623287801999082181e-01 3.989511146621496085e-01
9.658600144516376121e-03 1.485078695210403574e-02 2.038273421132377750e-02 2.781346599209359727e-02 3.599967715432757231e-02 4.491652342034109513e-02 5.454859934993473020e-02 6.488989993172515625e-02 7.594378842807426866e-02 8.772296843723616233e-02 1.002494589223358462e-01 1.135545716578319347e-01 1.276788912052094216e-01 1.393265710429630877e-01 1.512508387589738268e-01 1.674958197700102680e-01 1.873313427996933511e-01 2.096918653766402241e-01 2.350004086496343958e-01 2.632433160171155362e-01 2.942923746297145260e-01 3.278484994545274311e-01 3.633871092302397576e-01 4.001164141619495407e-01
9.689655439057524855e-03 1.489866507485359051e-02 2.044829629105391483e-02 2.789994665899997450e-02 3.610917246621454108e-02 4.505111277408650056e-02 5.471038425589615228e-02 6.508104353202207037e-02 7.616655563541499530e-02 8.797976660888051637e-02 1.005428790068009087e-01 1.138874297616999098e-01 1.280542705247213753e-01 1.397370094904928362e-01 1.516966608521424786e-01 1.679897563715819220e-01 1.878839800123107695e-01 2.103106472760554180e-01 2.356940252342332176e-01 2.640204142069855764e-01 2.951612196145986800e-01 3.288164704690130780e-01 3.644600348958781377e-01 4.012977856500767881e-01
9.722000961149975320e-03 1.494852371224947296e-02 2.051658208948068871e-02 2.799011484804209138e-02 3.622318700738511033e-02 4.519089332804440001e-02 5.487785605900518532e-02 6.527818798861000082e-02 7.639546151024502463e-02 8.824268173925975400e-02 1.008422624744677587e-01 1.142260044726499391e-01 1.284350761412227648e-01 1.401529836973973986e-01 1.521484856543578734e-01 1.684903342339293675e-01 1.884440394622553250e-01 2.109377325598234543e-01 2.363969433349146498e-01 2.648079285627711332e-01 2.960417069466850237e-01 3.297974097904686763e-01 3.655473339042426550e-01 4.024949832646818049e-01
9.755592678158576600e-03 1.500029534450820524e-02 2.058749947041522976e-02 2.808385224280104259e-02 3.634158097853300989e-02 4.533570920727667680e-02 5.505084855982877307e-02 6.548116250796649773e-02 7.663033601090420144e-02 8.851154913693620729e-02 1.011474534722142105e-01 1.145701507915167644e-01 1.288211740911527903e-01 1.405743582839034667e-01 1.526061665122116218e-01 1.689973912349099772e-01 1.890113400806306965e-01 2.115729187658668409e-01 2.371089362386445409e-01 2.656056052724883321e-01 2.969335529866953260e-01 3.307910015086150679e-01 3.666486561336367300e-01 4.037076214955628850e-01
9.790380621191677527e-03 1.505390331194111746e-02 2.066094372992648490e-02 2.818102360643769469e-02 3.646419349102352631e-02 4.548537954148394041e-02 5.522916696582447910e-02 6.568976442565033214e-02 7.687097424480206220e-02 8.878616652136757381e-02 1.014582559716765003e-01 1.149196809861326440e-01 1.292123849910132849e-01 1.410009492785388174e-01 1.530695040040246924e-01 1.695107068004565454e-01 1.895856354101025376e-01 2.122159302261317770e-01 2.378296951803342274e-01 2.664130986024422776e-01 2.978363713254049694e-01 3.317968152210603594e-01 3.677635245574749079e-01 4.049351751007346234e-01
9.826308880386639202e-03 1.510926180816463821e-02 2.073679758755317404e-02 2.828147677035763863e-02 3.659084255317091028e-02 4.563969844904820078e-02 5.541258787329029351e-02 6.590375918628500751e-02 7.711713644654613620e-02 8.906629399927616653e-02 1.017744337439416280e-01 1.152743645644146164e-01 1.296084840089162804e-01 1.414325240882925716e-01 1.535382459081753304e-01 1.700300018701547122e-01 1.901666135669810853e-01 2.128664180246521431e-01 2.385588292962699253e-01 2.672299708454021205e-01 2.987496727259561502e-01 3.328143059691986427e-01 3.688913351733102974e-01 4.061769790282809822e-01
9.863315600488841914e-03 1.516627587373374150e-02 2.081493117806403059e-02 2.838504262358376370e-02 3.672132505737244618e-02 4.579843502207270323e-02 5.560085925044268990e-02 6.612288032479386735e-02 7.736854795743823565e-02 8.935165404249643950e-02 1.020957103358235418e-01 1.156339282491364168e-01 1.300092008379128417e-01 1.418688014706444844e-01 1.540120871734099173e-01 1.705549388649760800e-01 1.907538972056796456e-01 2.135239599582413328e-01 2.392958655804609258e-01 2.680556922720226387e-01 2.996728650697874086e-01 3.338428141781258351e-01 3.700313569363090638e-01 4.074322283431063840e-01
9.901332976703258737e-03 1.522484139016827380e-02 2.089520204372674606e-02 2.849153510278542092e-02 3.685541676803810035e-02 4.596133331234690533e-02 5.579370042154142839e-02 6.634682944879635724e-02 7.762489920623996675e-02 8.964193146719406924e-02 1.024217690476086212e-01 1.159980559542635181e-01 1.304142196709749679e-01 1.423094515073279054e-01 1.544906698909956633e-01 1.710851216570130340e-01 1.913470434853774271e-01 2.141880604996219128e-01 2.400402488436954029e-01 2.688896410852801844e-01 3.006052533059173637e-01 3.348815656002842034e-01 3.711827316968525636e-01 4.086999781582308922e-01
9.940287250799177340e-03 1.528484507434410035e-02 2.097745512704948453e-02 2.860075118291743185e-02 3.699287231025868983e-02 4.612811231817073865e-02 5.599080205198698340e-02 6.657527622208304907e-02 7.788584569111706157e-02 8.993677341435923900e-02 1.027522529121658035e-01 1.163663887627394422e-01 1.308231791775121833e-01 1.427540955797024502e-01 1.549735832685815162e-01 1.716200955410706608e-01 1.919455440387284328e-01 2.148581507628194998e-01 2.407913416751092939e-01 2.697311033777052836e-01 3.015460394033412928e-01 3.359296712625658987e-01 3.723444741419705273e-01 4.099791435703033504e-01
9.980098707450327233e-03 1.534616447322349579e-02 2.106152276396179232e-02 2.871247086842610569e-02 3.713342515916085579e-02 4.629846597197759261e-02 5.619182613432133905e-02 6.680785834909284959e-02 7.815100796267941685e-02 9.023578933148362902e-02 1.030867646753248351e-01 1.167385249056212687e-01 1.312356724813145414e-01 1.432023063456239198e-01 1.554603636056479388e-01 1.721593472079854248e-01 1.925488249424729403e-01 2.155335884706595928e-01 2.415484244060930041e-01 2.705792730912162103e-01 3.024943223063241149e-01 3.369861274166332521e-01 3.735154717403356139e-01 4.112684995990371073e-01
1.002068167079395861e-02 1.540866795890110177e-02 2.114722467740402789e-02 2.882645718498242152e-02 3.727678762990040834e-02 4.647206312870003769e-02 5.639640597506937608e-02 6.704418156032251885e-02 7.841997160803954037e-02 9.053855095533826225e-02 1.034248667774337466e-01 1.171140197424687668e-01 1.316512471398217643e-01 1.436536077177037740e-01 1.559504942704331432e-01 1.727023047195491712e-01 1.931562466898167352e-01 2.162136579242205092e-01 2.423106950763682654e-01 2.714332519793694054e-01 3.034490978923813365e-01 3.380498154922288445e-01 3.746944846905677640e-01 4.125666811302881043e-01
1.006194450119385006e-02 1.547221472394367907e-02 2.123436797129737638e-02 2.894245617170619622e-02 3.742265086825032755e-02 4.664854755482706478e-02 5.660414618236263296e-02 6.728381959860375849e-02 7.869228723581968288e-02 9.084459229577636352e-02 1.037660813360139489e-01 1.174923857429016061e-01 1.320694051246270595e-01 1.441074748428648467e-01 1.564434056782338933e-01 1.732483374849265734e-01 1.937671041644559167e-01 2.168975699741065022e-01 2.430772694020883751e-01 2.722920495718587075e-01 3.044092589327660470e-01 3.391195020532677962e-01 3.758801458726195310e-01 4.138721828625274157e-01
1.009209339430574767e-02 1.551866946692525596e-02 2.129807553161463737e-02 2.902740128233445224e-02 3.753028918877594766e-02 4.678021873666406150e-02 5.676113710680171648e-02 6.746742815095846391e-02 7.890388653306244782e-02 9.108569531045983270e-02 1.040384058740698031e-01 1.177979197381382043e-01 1.324104722089131658e-01 1.444789650962017280e-01 1.568468839954514638e-01 1.736953262573191770e-01 1.942671836283635656e-01 2.174574769543672903e-01 2.437048684525368047e-01 2.729951666777817310e-01 3.051953751698351924e-01 3.399952973372361575e-01 3.768508974287413382e-01 4.149410530062713764e-01
1.012260508377895232e-02 1.556567990208288475e-02 2.136255580351792069e-02 2.911347419407632475e-02 3.763934522387442361e-02 4.691351843788572201e-02 5.691987881439857649e-02 6.765281626059457820e-02 7.911720019448459373e-02 9.132835751210026387e-02 1.043120528726662055e-01 1.181044707970931584e-01 1.327521996049670638e-01 1.448509823107678174e-01 1.572509298810816913e-01 1.741429395015051396e-01 1.947679578927895561e-01 2.180181585130619437e-01 2.443333329128055398e-01 2.736992510767007336e-01 3.059825712206579174e-01 3.408722945478355193e-01 3.778229807247139305e-01 4.160113894952987001e-01
1.015348796972786148e-02 1.561325903662160244e-02 2.142782681924039132e-02 2.920070070550238178e-02 3.774985398381794366e-02 4.704849236539810492e-02 5.708042922229471239e-02 6.784005558687478121e-02 7.933231516220257129e-02 9.157268266515171395e-02 1.045871444480149237e-01 1.184121808980308638e-01 1.330947506355619203e-01 1.452237062919728983e-01 1.576557387029087487e-01 1.745913937254397197e-01 1.952696692455661853e-01 2.185798859804000682e-01 2.449629669637337082e-01 2.744046435887771973e-01 3.067712281652119066e-01 3.417509182560571346e-01 3.787968663731808294e-01 4.170837105093648800e-01
1.018474889244881318e-02 1.566141747520011576e-02 2.149390329424231277e-02 2.928910200002064410e-02 3.786184455394265430e-02 4.718517900080614752e-02 5.724283774574060596e-02 6.802920804237388985e-02 7.954930741979251985e-02 9.181876239189151745e-02 1.048637894071128146e-01 1.187211775415421694e-01 1.334382729513911570e-01 1.455972999798198497e-01 1.580614875124273511e-01 1.750408851468091831e-01 1.957725372753860715e-01 2.191429052727627280e-01 2.455940463006261454e-01 2.751116531216524219e-01 3.075616914043249883e-01 3.426315532838169475e-01 3.797729809281411573e-01 4.181584857163593294e-01
1.021639313086645032e-02 1.571016341769358726e-02 2.156079662431277175e-02 2.937869464208930567e-02 3.797534008998697252e-02 4.732360959489250590e-02 5.740714529172901565e-02 6.822032578567914507e-02 7.976824198427000245e-02 9.206667616359405504e-02 1.051420832381261550e-01 1.190315737401627522e-01 1.337828985199513987e-01 1.459719094371957626e-01 1.584683350324157525e-01 1.754915896795251895e-01 1.962767588569261090e-01 2.197074368762504115e-01 2.462268181149834811e-01 2.758205566501152339e-01 3.083542706370452358e-01 3.435145446788087642e-01 3.807517068571083518e-01 4.192361362416494597e-01
1.024842440106687839e-02 1.575950265708151235e-02 2.162851488283367221e-02 2.946949057364166638e-02 3.809035781369136953e-02 4.746380816240600847e-02 5.757338425298511725e-02 6.841345121459450895e-02 7.998917289852058854e-02 9.231649129220012573e-02 1.054221081013158312e-01 1.193434680085746630e-01 1.341287436150505608e-01 1.463476638388211959e-01 1.588764216452070166e-01 1.759436629209785163e-01 1.967825081368078100e-01 2.202736758311557852e-01 2.468615010772598484e-01 2.765315991969151677e-01 3.091492398392828855e-01 3.444001976907715701e-01 3.817333825148322424e-01 4.203170346391478795e-01
1.028084485491214534e-02 1.580943857745283065e-02 2.169706281819562196e-02 2.956149711070955172e-02 3.820690900864241735e-02 4.760579147713978748e-02 5.774157850229109240e-02 6.860861695972281238e-02 8.021214322415101683e-02 9.256826292244976773e-02 1.057039328204666395e-01 1.196569443543533812e-01 1.344759088068996633e-01 1.467246754608150794e-01 1.592858693816136539e-01 1.763972401400021595e-01 1.972899365203393818e-01 2.208417917173015610e-01 2.474982853205801581e-01 2.772449938146421267e-01 3.099468372436429142e-01 3.452887777490801224e-01 3.827183021184873413e-01 4.214015048639918604e-01
1.031365507873079068e-02 1.585997215212054876e-02 2.176644185135581319e-02 2.965471694023245550e-02 3.832499901634570105e-02 4.774956906728031886e-02 5.791174338712300196e-02 6.880584587840174460e-02 8.043718503473461234e-02 9.282203402444912099e-02 1.059876128747900131e-01 1.199720722692249331e-01 1.348244789527517085e-01 1.471030396708351839e-01 1.596967819104636033e-01 1.768524362654999016e-01 1.977991726589905519e-01 2.214119286401876885e-01 2.481373324253576540e-01 2.779609215686084656e-01 3.107472653203713908e-01 3.461805104415712764e-01 3.837067157242299853e-01 4.224898222467310394e-01
1.034685409207961385e-02 1.591110194183907936e-02 2.183665007352904655e-02 2.974914811704076553e-02 3.844462723251292069e-02 4.789514321101034922e-02 5.808388572458066113e-02 6.900515104897066154e-02 8.066431940942549172e-02 9.307783538664286815e-02 1.062731903912686737e-01 1.202889067208011975e-01 1.351745231880519815e-01 1.474828349187579379e-01 1.601092445287082278e-01 1.773093458756959118e-01 1.983103224385515118e-01 2.219842052178968295e-01 2.487787754047523225e-01 2.786795315206671564e-01 3.115506907593438846e-01 3.470755814945308826e-01 3.846988292050387281e-01 4.235822134689288254e-01
1.038043934657227781e-02 1.596282409311781600e-02 2.190768224400341593e-02 2.984478406100188677e-02 3.856578710354970074e-02 4.804250893234965347e-02 5.825800379659170497e-02 6.920653576534784024e-02 8.089355642691858916e-02 9.333568560916769008e-02 1.065606941374162564e-01 1.206074881447629227e-01 1.355260949180681074e-01 1.478641227278633674e-01 1.605233241520670762e-01 1.777680431879678780e-01 1.988234689679350409e-01 2.225587145687097923e-01 2.494227186909182270e-01 2.794009407139070866e-01 3.123572444530307579e-01 3.479741367537642072e-01 3.856948042297563828e-01 4.246788565400853033e-01
1.041440672477048947e-02 1.601513233662488905e-02 2.197952978807299340e-02 2.994161355431931848e-02 3.868846612323163792e-02 4.819165399721865584e-02 5.843408734537290650e-02 6.940999353189862553e-02 8.112489515973363152e-02 9.359559109756197814e-02 1.068501395144252075e-01 1.209278424374620325e-01 1.358792318099694141e-01 1.482469476864932134e-01 1.609390693061742983e-01 1.782285820492255091e-01 1.993386725685789840e-01 2.231355242993854071e-01 2.500692381219890570e-01 2.801252341581709215e-01 3.131670214803771723e-01 3.488762821666843705e-01 3.866947582432579966e-01 4.257798807758007009e-01
1.044875053913396461e-02 1.606801798567559017e-02 2.205218079508006537e-02 3.003962073897503346e-02 3.881264582955681886e-02 4.834255890971130704e-02 5.861211756913262128e-02 6.961550805857634472e-02 8.135832366880299538e-02 9.385754605681044527e-02 1.071415285506795295e-01 1.212499809489181318e-01 1.362339557853280703e-01 1.486313374401533327e-01 1.613565101181973771e-01 1.786909959268024317e-01 1.998559707644139982e-01 2.237146764940661781e-01 2.507183809297578447e-01 2.808524648163446824e-01 3.139800810915435170e-01 3.497820837653549120e-01 3.876987644476750927e-01 4.268853667771031479e-01
1.048346353102557263e-02 1.612146993480029211e-02 2.212562001656057445e-02 3.013878511430663140e-02 3.893830180176425376e-02 4.849519690856423509e-02 5.879206711799989105e-02 6.982305325631935067e-02 8.159381899834530771e-02 9.412153248570265252e-02 1.074348498956097381e-01 1.215739004761840769e-01 1.365902730130157394e-01 1.490173026840332371e-01 1.617756583088976186e-01 1.791552978998278423e-01 2.003753782723609045e-01 2.242961877037684404e-01 2.513701657280066337e-01 2.815826535913709128e-01 3.147964466934499161e-01 3.506915676504280266e-01 3.887068517846128946e-01 4.279953464108661176e-01
1.051853686976825762e-02 1.617547465838696519e-02 2.219982886448608472e-02 3.023908153471073154e-02 3.906540365750778981e-02 4.864953396381035272e-02 5.897390009016591217e-02 7.003259323268863634e-02 8.183134717100644384e-02 9.438752017148656359e-02 1.077300788138687709e-01 1.218995832570588383e-01 1.369481739024719646e-01 1.494048371559164867e-01 1.621965071851066698e-01 1.796214806510507134e-01 2.008968869933249746e-01 2.248800489364236321e-01 2.520245825014474361e-01 2.823157893139419117e-01 3.156161058360782978e-01 3.516047199759229080e-01 3.897190049182960858e-01 4.291098027912532697e-01
1.055396015175073116e-02 1.623001620939391876e-02 2.227478540959679926e-02 3.034048020746532917e-02 3.919391505017631033e-02 4.880552877360563174e-02 5.915757202822559402e-02 7.024408228773129648e-02 8.207086318325265695e-02 9.465546668479891956e-02 1.080271771798101965e-01 1.222269969641260196e-01 1.373076330973215520e-01 1.497939176294590113e-01 1.626190316325925589e-01 1.800895164590873565e-01 2.014204660036577055e-01 2.254662256474353754e-01 2.526815925952362041e-01 2.830518287308314007e-01 3.164390101994848936e-01 3.525214869347942925e-01 3.907351642195910912e-01 4.302286702621240799e-01
1.058972139957888199e-02 1.628507621812841019e-02 2.235046437981995024e-02 3.044294669066378509e-02 3.932379366635157386e-02 4.896313276121883745e-02 5.934302991570689773e-02 7.045746491005665246e-02 8.231231100100029618e-02 9.492531737485639109e-02 1.083260934722499735e-01 1.225560946990991301e-01 1.376686094693200524e-01 1.501845039078132660e-01 1.630431881092934687e-01 1.805593571910681649e-01 2.019460615470579090e-01 2.260546577307227800e-01 2.533411287050277294e-01 2.837906964938264887e-01 3.172650755814811485e-01 3.534417747452441860e-01 3.917552257508497005e-01 4.313518343803458555e-01
1.062580706127035958e-02 1.634063389108741590e-02 2.242683715876864214e-02 3.054644189125391152e-02 3.945499122339528320e-02 4.912229007217448068e-02 5.953021217377672120e-02 7.067267577311203697e-02 8.255562355546799957e-02 9.519700536489170140e-02 1.086267627694951915e-01 1.228868149874547816e-01 1.380310461126083021e-01 1.505765388175771824e-01 1.634689146388958458e-01 1.810309342956594458e-01 2.024735970268857210e-01 2.266452595102209366e-01 2.540030948675360833e-01 2.845322851492247951e-01 3.180941818859434056e-01 3.543654496377310892e-01 3.927790412515260177e-01 4.324791318999573475e-01
1.066220200948966336e-02 1.639666600985676542e-02 2.250387178431642599e-02 3.065092206317605525e-02 3.958745346715807079e-02 4.928293757154004334e-02 5.971904865811356045e-02 7.088963973164687238e-02 8.280072273923880233e-02 9.547045154782032861e-02 1.089291067446243461e-01 1.232190817733376104e-01 1.383948703382568979e-01 1.509699482030494866e-01 1.638961308047380827e-01 1.815041587964379699e-01 2.030029729988657994e-01 2.272379197318109001e-01 2.546673664515743951e-01 2.852764551278624827e-01 3.189261731117134513e-01 3.552923378426368073e-01 3.938064181245215511e-01 4.336103507571331672e-01
1.069888954082146883e-02 1.645314693006529744e-02 2.258153294724306315e-02 3.075633880559421399e-02 3.972112016980292731e-02 4.944500484134894958e-02 5.990946065593626135e-02 7.110827181835367716e-02 8.304751940251912934e-02 9.574556458212427068e-02 1.092330336610036756e-01 1.235528044147203436e-01 1.387599936690847025e-01 1.513646409207729526e-01 1.643247377440194557e-01 1.819789212855980887e-01 2.035340671641560351e-01 2.278325015556550426e-01 2.553337901495431050e-01 2.860230347356425562e-01 3.197608573420566702e-01 3.562222255785522651e-01 3.948371194232142001e-01 4.347452300559024319e-01
1.073585137507993351e-02 1.651004858039089099e-02 2.265978198994754444e-02 3.086263906121499909e-02 3.985592512773695334e-02 4.960841417815156640e-02 6.010136088318077802e-02 7.132847724067610529e-02 8.329591334958404147e-02 9.602224088794066026e-02 1.095384383680269302e-01 1.238878776788042979e-01 1.391263118347348116e-01 1.517605088343488562e-01 1.647546181422968326e-01 1.824550919179717956e-01 2.040667343627614316e-01 2.284288425489129082e-01 2.560021839693417678e-01 2.867718201445346171e-01 3.205980067346442253e-01 3.571548590411460777e-01 3.958708638391346679e-01 4.358834600545785087e-01
1.077306765465197748e-02 1.656734046161534649e-02 2.273857690522435721e-02 3.096976511468932033e-02 3.999179615964470330e-02 4.977308059068674684e-02 6.029465348181568124e-02 7.155015137777416545e-02 8.354579333539736974e-02 9.630036464334289226e-02 1.098452022970646258e-01 1.242241817376472796e-01 1.394937047669933261e-01 1.521574268095076676e-01 1.651856362282538571e-01 1.829325204053438292e-01 2.046008065672730580e-01 2.290267546788176678e-01 2.566723372266807579e-01 2.875225753840189302e-01 3.214373575120295090e-01 3.580899443925822379e-01 3.969073256902492797e-01 4.370246821528583903e-01
1.081051694387252272e-02 1.662498964572535140e-02 2.281787233509950663e-02 3.107765459109210898e-02 4.012865510461770258e-02 4.993891179766715011e-02 6.048923401728915905e-02 7.177317977763782164e-02 8.379703706239716166e-02 9.657980778080359208e-02 1.101531934576119448e-01 1.245615821640045917e-01 1.398620365953373024e-01 1.525552527094202471e-01 1.656176377687249845e-01 1.834110360110448867e-01 2.051360928769127567e-01 2.296260243060902206e-01 2.573440105377677312e-01 2.882750323329489883e-01 3.222786099525913328e-01 3.590271477514557219e-01 3.979461349098165623e-01 4.381684888795529531e-01
1.084817622842999298e-02 1.668296077505699096e-02 2.289761956972288098e-02 3.118624045447562776e-02 4.026641782037447548e-02 5.010580822567192033e-02 6.068498947609944627e-02 7.199743815434046790e-02 8.404951117743725275e-02 9.686042998382946023e-02 1.104622664336229187e-01 1.248999299273726299e-01 1.402311556426983907e-01 1.529538273902374679e-01 1.660504500639619352e-01 1.838904475448077391e-01 2.056723795118681752e-01 2.302264121786743167e-01 2.580169358123514667e-01 2.890288907118092609e-01 3.231214283819163757e-01 3.599660951832178157e-01 3.989868770357861694e-01 4.393144238809138513e-01
1.088602091480032549e-02 1.674121606148126426e-02 2.297776654631376869e-02 3.129545100649235023e-02 4.040499418156634492e-02 5.027366300714068009e-02 6.088179826348232015e-02 7.222279238542464452e-02 8.430307126887562341e-02 9.714207868375765442e-02 1.107722623800217326e-01 1.252390613902221173e-01 1.406008944214311440e-01 1.533529746968439467e-01 1.664838819431276318e-01 1.843705433578703978e-01 2.062094298078995247e-01 2.308276534257722445e-01 2.586908162470985539e-01 2.897838180753463111e-01 3.239654411645972454e-01 3.609063726910615166e-01 4.000290932007080080e-01 4.404619819095225708e-01
1.092402482970789360e-02 1.679971528562845123e-02 2.305825784815671020e-02 3.140520988508344047e-02 4.054428807816373020e-02 5.044236197846313496e-02 6.107953020120890364e-02 7.244909850941233520e-02 8.455756186380201933e-02 9.742458905670542402e-02 1.110830090193798553e-01 1.255787983044120149e-01 1.409710696294730059e-01 1.537525014588149441e-01 1.669177237600054098e-01 1.848510913383139831e-01 2.067469842112045209e-01 2.314294575521664288e-01 2.593653263192881586e-01 2.905394498055514640e-01 3.248102406964221145e-01 3.618475262072427534e-01 4.010722801221217604e-01 4.416106088137100039e-01
1.096216021961192964e-02 1.685841579614908922e-02 2.313903470364471124e-02 3.151543606322924213e-02 4.068419741391897382e-02 5.061178367815920287e-02 6.127804652548760750e-02 7.267620272343333632e-02 8.481281642539656440e-02 9.770778402066397639e-02 1.113943206387512791e-01 1.259189478077725466e-01 1.413414821466870419e-01 1.541521974865647515e-01 1.673517473889121476e-01 1.853318389066210825e-01 2.072847602735270744e-01 2.320315084328098409e-01 2.600401117808048279e-01 2.912953891049764876e-01 3.256553833969347278e-01 3.627890615848138878e-01 4.021158900934054259e-01 4.427597015274779557e-01
1.100039775021698953e-02 1.691727250900961627e-02 2.322003498536742011e-02 3.162604384775849486e-02 4.082461410490134668e-02 5.078179934514436694e-02 6.147719988496462562e-02 7.290394138096475962e-02 8.506865735041266308e-02 9.799147423272890067e-02 1.117059980866556279e-01 1.262593024208494008e-01 1.417119170313757559e-01 1.545518355676761824e-01 1.677857062208024663e-01 1.858125130114428591e-01 2.078224526474948541e-01 2.326334643076704567e-01 2.607147896524140140e-01 2.920512069903633545e-01 3.265003897023440738e-01 3.637304445897446281e-01 4.031593309750508003e-01 4.439086080608946050e-01
1.103870650600619410e-02 1.697623790682078679e-02 2.330119320924172593e-02 3.173694287821289539e-02 4.096542407810016551e-02 5.095227291707628975e-02 6.167683433881781391e-02 7.313214098967635302e-02 8.532489596677748922e-02 9.827545808646016845e-02 1.120178287702032760e-01 1.265996400437998104e-01 1.420821435169588309e-01 1.549511714634012605e-01 1.682193351595561437e-01 1.862928201255646399e-01 2.083597330821762572e-01 2.332349577768174920e-01 2.613889482183053836e-01 2.928064422865723770e-01 3.273447440587662349e-01 3.646711008934124254e-01 4.042019661863499036e-01 4.450566274909388276e-01
1.107705398979600547e-02 1.703526203819709373e-02 2.338244053368250183e-02 3.184803812576422061e-02 4.110650727009259459e-02 5.112306102877735986e-02 6.187678535493837395e-02 7.336061820937488098e-02 8.558133253130290052e-02 9.855952170936357892e-02 1.123295866523520009e-01 1.269397239534317823e-01 1.424519150088032482e-01 1.553499439053244724e-01 1.686523506184362253e-01 1.867724462420572162e-01 2.088962504188416336e-01 2.338355957957341247e-01 2.620621470208883141e-01 2.935606016207902846e-01 3.281878949157781000e-01 3.656104160654394253e-01 4.052431146974628251e-01 4.462030099527684590e-01
1.111540612231141575e-02 1.709429251714559075e-02 2.346370475881141143e-02 3.195922989218106386e-02 4.124773762577253755e-02 5.129401301073001351e-02 6.207687980819643486e-02 7.358917985004360951e-02 8.583775622750204615e-02 9.884343896048873590e-02 1.126410322492910204e-01 1.272793028003800786e-01 1.428209690812000665e-01 1.557478745921785368e-01 1.690844505167109213e-01 1.872510568706057255e-01 2.094316305869200479e-01 2.344349596708462102e-01 2.627339168558265325e-01 2.943131594170053655e-01 3.290292547202673390e-01 3.665477355668596005e-01 4.062820510218528303e-01 4.473469566313893475e-01
1.115372724178040342e-02 1.715327452248238335e-02 2.354491032570166578e-02 3.207041380884258913e-02 4.138898309713735096e-02 5.146497088764039052e-02 6.227693597878518339e-02 7.381762286997038680e-02 8.609394516350515891e-02 9.912697142813556295e-02 1.129519126279432406e-01 1.276181106064103177e-01 1.431890274744785641e-01 1.561446681868058073e-01 1.695153142764285747e-01 1.877282970340057866e-01 2.099654766001403383e-01 2.350326050552548618e-01 2.634037597672997388e-01 2.950635578907343515e-01 3.298681999105640972e-01 3.674823647435967455e-01 4.073180052090660253e-01 4.484876197537048248e-01
1.119198010354673957e-02 1.721215079727563338e-02 2.362597831565687798e-02 3.218148083579688151e-02 4.153010564212947231e-02 5.163576937706700065e-02 6.247676355064022552e-02 7.404573437396085034e-02 8.634966637006959156e-02 9.940986842766531828e-02 1.132619614035809408e-01 1.279558667618453660e-01 1.435557960922512755e-01 1.565400123132575094e-01 1.699446028193394853e-01 1.882037912648180655e-01 2.104973685528467864e-01 2.356280619446618763e-01 2.640711490434794473e-01 2.958112070439882224e-01 3.307040709108370891e-01 3.684135688202382908e-01 4.083501628378365944e-01 4.496241025809256109e-01
1.123012587970009628e-02 1.727086164831338755e-02 2.370682644952232590e-02 3.229231726086153470e-02 4.167096122352999948e-02 5.180623588811090335e-02 6.267616360992971092e-02 7.427329161163180593e-02 8.660467579867936472e-02 9.969186699940958685e-02 1.135708987375487616e-01 1.282922760231073045e-01 1.439209649987824580e-01 1.569335775540225686e-01 1.703719585639553169e-01 1.886771436021737192e-01 2.110268636164804312e-01 2.362208346734791797e-01 2.647355292122081649e-01 2.965554846604643302e-01 3.315361721257425454e-01 3.693405728940891697e-01 4.093776650095042324e-01 4.507554594013207794e-01
1.126812415872263662e-02 1.732934494559515426e-02 2.378736908702679814e-02 3.240280469876423430e-02 4.181139980790139071e-02 5.197619052016416025e-02 6.287492864361178546e-02 7.450006197578035172e-02 8.685871831972941104e-02 9.997269190667236460e-02 1.138784313350877098e-01 1.286270285103688071e-01 1.442842084164741578e-01 1.573250174473805330e-01 1.707970054227404832e-01 1.891479375887214764e-01 2.115534960362174255e-01 2.368104019111106628e-01 2.653963160368714713e-01 2.972957363009521847e-01 3.323637719353110809e-01 3.702625619294905857e-01 4.103996083417227880e-01 4.518806955232903544e-01
1.130593294515115123e-02 1.738753612184587571e-02 2.386751722615348265e-02 3.251282009032131076e-02 4.195126536457720323e-02 5.214544606171372249e-02 6.307284253805568730e-02 7.472580300082541649e-02 8.711152772078981088e-02 1.002520556338208774e-01 1.141842524432558070e-01 1.289597997053088807e-01 1.446451847234634658e-01 1.577139684848717360e-01 1.712193487994269070e-01 1.896157362677107494e-01 2.120767771277560498e-01 2.373962166583998279e-01 2.660528965124527301e-01 2.980312752989441871e-01 3.331861026900618250e-01 3.711786807523900777e-01 4.114150449624494610e-01 4.529987672687482148e-01
1.134350865925406494e-02 1.744536817205124407e-02 2.394717850253854502e-02 3.262223570165239533e-02 4.209039586469576905e-02 5.231380798919776226e-02 6.326968057772358600e-02 7.495026236131759056e-02 8.736282670494668889e-02 1.005296583844596942e-01 1.144880418489397228e-01 1.292902504489664983e-01 1.450035364513251879e-01 1.581000501088782872e-01 1.716385755864474894e-01 1.900800821802024476e-01 2.125961952742449756e-01 2.379777062442322566e-01 2.667046288617612726e-01 2.987613827564377100e-01 3.340023607063302147e-01 3.720880340451507839e-01 4.124229825041971775e-01 4.541085819667917689e-01
1.138080613672241836e-02 1.750277165301323060e-02 2.402625718889576587e-02 3.273091912342915993e-02 4.222862328027626039e-02 5.248107446591175618e-02 6.346520944390969532e-02 7.517317787051390476e-02 8.761232688921509471e-02 1.008051880796851374e-01 1.147894658769535170e-01 1.296180269396884910e-01 1.453588902828750196e-01 1.584828647103104782e-01 1.720542541624813515e-01 1.905404973624011677e-01 2.131112159233455872e-01 2.385542723222874861e-01 2.673508425318248949e-01 2.994853075399214748e-01 3.348117062618005679e-01 3.729896863415870234e-01 4.134223840985375986e-01 4.552089979476509618e-01
1.141777862837426577e-02 1.755967468292480432e-02 2.410465419446619281e-02 3.283873327015669752e-02 4.236577358333465382e-02 5.264703634096209311e-02 6.365918721353408527e-02 7.539427747901447652e-02 8.785972880302078680e-02 1.010783203564146610e-01 1.150881773882194981e-01 1.299427607311659794e-01 1.457108570500675049e-01 1.588619976263942191e-01 1.724659343901051300e-01 1.909964833431039843e-01 2.136212815844217849e-01 2.391252908679310785e-01 2.679908381904393400e-01 3.002022662765352901e-01 3.356132635912323914e-01 3.738826620222150954e-01 4.144121683708432702e-01 4.562988245368984064e-01
1.145437779987170876e-02 1.761600294096293123e-02 2.418226706449125643e-02 3.294553637948561403e-02 4.250166674503759456e-02 5.281147714826444489e-02 6.385136335798821672e-02 7.561327927345742883e-02 8.810472188674720040e-02 1.013487185657884065e-01 1.153838157780271434e-01 1.302640687305552658e-01 1.460590317319848674e-01 1.592370171385525945e-01 1.728731476135457745e-01 1.914475211412579869e-01 2.141258118258499987e-01 2.396901121752404162e-01 2.686238877228653288e-01 3.009114433503949360e-01 3.364061208823692084e-01 3.747659453097080817e-01 4.153912094352554263e-01 4.573768220499077053e-01
1.149055373144999143e-02 1.767167966689886169e-02 2.425898997970845489e-02 3.305118201155351348e-02 4.263611673489237780e-02 5.297417310558490827e-02 6.404147874202974211e-02 7.582989147526968121e-02 8.834698449034435186e-02 1.016160337716388307e-01 1.156760069743666963e-01 1.305815531966789678e-01 1.464029934529110788e-01 1.596074744703784298e-01 1.732754066565291018e-01 1.918930712636225666e-01 2.146242032724452187e-01 2.402480608541575635e-01 2.692492342286676443e-01 3.016119908990748666e-01 3.371893302720238017e-01 3.756384802645451049e-01 4.163583368898660098e-01 4.584417017865502486e-01
1.152625491765804644e-02 1.772662566072496018e-02 2.433471375586835142e-02 3.315551904835440516e-02 4.276893151997124970e-02 5.313489311362184359e-02 6.422926562272411599e-02 7.604381243947073987e-02 8.858618387199686250e-02 1.018799047490251131e-01 1.159643634363329012e-01 1.308948017383036178e-01 1.467423054804881111e-01 1.599729037856930103e-01 1.736722058202193331e-01 1.923325737025305959e-01 2.151158296029947459e-01 2.407984358277629744e-01 2.698660920186872758e-01 3.023030288102385721e-01 3.379619078423282685e-01 3.764991707808450494e-01 4.173123358121059168e-01 4.594921260261156104e-01
1.156142826710995081e-02 1.778075928229716149e-02 2.440932584327184032e-02 3.325839169313445781e-02 4.289991306416825884e-02 5.329339875512618951e-02 6.441444764843078097e-02 7.625473065352655899e-02 8.882197619684772949e-02 1.021399579828295157e-01 1.162484841525964485e-01 1.312033873124890671e-01 1.470765152239494888e-01 1.603328221866858194e-01 1.740630208812455615e-01 1.927654479337443383e-01 2.156000415478972476e-01 2.413405103296635823e-01 2.704736466121416272e-01 3.029836447184123260e-01 3.387228336171424492e-01 3.773468805823751993e-01 4.182519467543250880e-01 4.605267080224456633e-01
1.159601910224671711e-02 1.783399645099238359e-02 2.448271032632674468e-02 3.335963946981318484e-02 4.302885732748721465e-02 5.344944429405859565e-02 6.459673985783159766e-02 7.646232473625155790e-02 8.905400653577576209e-02 1.023958076664120281e-01 1.165279546399388688e-01 1.315068682230078612e-01 1.474051542324279207e-01 1.606867297121327420e-01 1.744473090898111256e-01 1.931910929144003697e-01 2.160761668868993179e-01 2.418735319014907459e-01 2.710710547338460730e-01 3.036528940018928813e-01 3.394710515586127353e-01 3.781804332187279072e-01 4.191758657395592280e-01 4.615440119992738621e-01
1.162997115910799524e-02 1.788625064538010290e-02 2.455474792312282648e-02 3.345909722242846468e-02 4.315555426535916395e-02 5.360277667478156177e-02 6.477584867899977006e-02 7.666626343675601862e-02 8.928190886422354700e-02 1.026470557003211076e-01 1.168023469418485311e-01 1.318047881188293968e-01 1.477277381933329026e-01 1.610341093356880138e-01 1.748245091678805319e-01 1.936088870810405149e-01 2.165435104469269345e-01 2.423967223905018897e-01 2.716574443115505888e-01 3.043097997797841181e-01 3.402054695638732640e-01 3.789986120616553045e-01 4.200827442574718851e-01 4.625425531457563744e-01
1.166322658711311556e-02 1.793743290290748110e-02 2.462531598502420982e-02 3.355659511460451494e-02 4.327978782798794222e-02 5.375313552128467565e-02 6.495147192850692086e-02 7.686620563343690704e-02 8.950530606107374998e-02 1.028932916910575562e-01 1.170712196271743721e-01 1.320966759926670842e-01 1.480437669307956283e-01 1.613744269642463924e-01 1.751940413074423997e-01 1.940181883477234415e-01 2.170013541000058166e-01 2.429092779472804831e-01 2.722319144733865715e-01 3.049533529091559281e-01 3.409249594618842250e-01 3.798001603015548899e-01 4.209711892604637296e-01 4.635207976121883955e-01
1.169572594885112324e-02 1.798745181959733250e-02 2.469428849627857553e-02 3.365195862904159230e-02 4.340133595972247432e-02 5.390025313644188770e-02 6.512329881056677650e-02 7.706180033301006371e-02 8.972380990757142238e-02 1.031340929498888448e-01 1.173341177888347631e-01 1.323820461795847947e-01 1.483527244041770443e-01 1.617071314363728585e-01 1.755553071688426281e-01 1.944183341042137192e-01 2.174489567612671592e-01 2.434103690235315531e-01 2.727935355454179089e-01 3.055825119823190605e-01 3.416283570103982870e-01 3.805837809441001696e-01 4.218397631599412057e-01 4.644771625058956022e-01
1.172740821987929526e-02 1.803621354975833840e-02 2.476153607364209308e-02 3.374500856702636331e-02 4.351997059845470056e-02 5.404385450129849805e-02 6.529100991621374084e-02 7.725268666958162722e-02 8.993702108629017533e-02 1.033690244917118140e-01 1.175905730425788748e-01 1.326603983556599586e-01 1.486540787066371050e-01 1.620316545207957093e-01 1.759076898791853694e-01 1.948086412142450430e-01 2.178855543870346079e-01 2.438991403699650451e-01 2.733413490492919151e-01 3.061962033242111580e-01 3.423144618930513694e-01 3.813481368070072985e-01 4.226869838227369502e-01 4.654100158872934156e-01
1.175821078852980206e-02 1.808362180570700917e-02 2.482692596601963550e-02 3.383556104796214825e-02 4.363545767504165007e-02 5.418365727438745338e-02 6.545427722251458136e-02 7.743849390375701081e-02 9.014452918014007055e-02 1.035976390339611725e-01 1.178401035257982538e-01 1.329312175367008408e-01 1.489472820637615935e-01 1.623474109149608824e-01 1.762505540307994778e-01 1.951884060138530386e-01 2.183103599729883382e-01 2.443747110342668893e-01 2.738743676999852439e-01 3.067933209898888181e-01 3.429820377165713197e-01 3.820918505169331181e-01 4.235113245676757066e-01 4.663176767661043054e-01
1.178806945572412682e-02 1.812957785750073103e-02 2.489032205411930571e-02 3.392342750891792075e-02 4.374755711275080117e-02 5.431937179107258068e-02 6.561276409181171498e-02 7.761884142178569757e-02 9.034591267141522941e-02 1.038194769955619878e-01 1.180822138963857626e-01 1.331939740770150815e-01 1.492317708322441483e-01 1.626537982436443153e-01 1.765832456797654659e-01 1.955569043097752091e-01 2.187225635524030209e-01 2.448361743591496442e-01 2.743915754036401755e-01 3.073727267621193526e-01 3.436298120080975016e-01 3.828135045064978703e-01 4.243112141622770728e-01 4.671984150977289696e-01
1.181691843479482258e-02 1.817398053268146421e-02 2.495158485012074004e-02 3.400841470419526530e-02 4.385602282672750041e-02 5.445070106291835521e-02 6.576612527099658101e-02 7.779333873473996686e-02 9.054073894087959207e-02 1.040340664959236577e-01 1.183163953316403866e-01 1.334481236682275862e-01 1.495069654986205532e-01 1.629501970576193171e-01 1.769050923445020240e-01 1.959133913779148861e-01 2.191213321944561476e-01 2.452825979804819645e-01 2.748919272554876669e-01 3.079332501490698593e-01 3.442564762126085198e-01 3.835116410114257635e-01 4.250850368195902007e-01 4.680504517797600683e-01
