5.863773740117419336e-02 8.668740102028529848e-02 1.130897022527899559e-01 1.318940709200800143e-01 1.503488136701556233e-01 1.680824609776998546e-01 1.846700992446692058e-01 1.996215092916648060e-01 2.123768492941664199e-01 2.223108291968952932e-01 2.287463236395657074e-01 2.309783704272896643e-01 2.283095015788972337e-01 2.304881713026017132e-01 2.400443732164159460e-01 2.516519032871442629e-01 2.654317714442586129e-01 2.815951697336918080e-01 3.004526212625562853e-01 3.224338611364848117e-01 3.481211268807178905e-01 3.783014217641640364e-01 4.140478508943082336e-01 4.568481305923086655e-01
5.825403334921187837e-02 8.615492460872015146e-02 1.126019488628050430e-01 1.327292927862081806e-01 1.520612749682727083e-01 1.702574232895556483e-01 1.869569331850149951e-01 2.017660131674349211e-01 2.142538410764268653e-01 2.239568303272670979e-01 2.303909127992200545e-01 2.330715484864957499e-01 2.315411707696768406e-01 2.345410032491443419e-01 2.443192367272536136e-01 2.561829809515435152e-01 2.702555527702595328e-01 2.867519671812969739e-01 3.059883070555594609e-01 3.284020041625993480e-01 3.545857631930900977e-01 3.853407970941093441e-01 4.217596602845793408e-01 4.653571125754777382e-01
5.838140552878057221e-02 8.644368611733686814e-02 1.131367986319914420e-01 1.337230208373710039e-01 1.533659641962158982e-01 1.717276935361049528e-01 1.884616775867731242e-01 2.032007203184154620e-01 2.155535543251124175e-01 2.251093878458023390e-01 2.314497264597932258e-01 2.341668048905750643e-01 2.328879619867640915e-01 2.361970166948497429e-01 2.461962261103968208e-01 2.582902516830722917e-01 2.726038141154396577e-01 2.893537812433263912e-01 3.088587720358804689e-01 3.315597223659882964e-01 3.580541837505774594e-01 3.891500833901354039e-01 4.259493303581582402e-01 4.699798703962920210e-01
5.891333415945930463e-02 8.738730931846060146e-02 1.144999622076679491e-01 1.349259671484951406e-01 1.544735142654300453e-01 1.727886183470326298e-01 1.895051385996926185e-01 2.042342165774061746e-01 2.165616947098124301e-01 2.260529684587452848e-01 2.322647797533790026e-01 2.347634832754353917e-01 2.331493064671496807e-01 2.364274209101657198e-01 2.466577948344517157e-01 2.589768433284396765e-01 2.735102633541671158e-01 2.904756928133451765e-01 3.101925679764130361e-01 3.331029142981332680e-01 3.598058744299098555e-01 3.911117367163106651e-01 4.281258966148572820e-01 4.723814291130818965e-01
5.972172808815585238e-02 8.878418291832226861e-02 1.164442512612695879e-01 1.362976838571681448e-01 1.554689505866441723e-01 1.735807401323559152e-01 1.902301007060893112e-01 2.049797947197986026e-01 2.173565358198161768e-01 2.268560075133951304e-01 2.329546318013182848e-01 2.351280790329129677e-01 2.328764770193985922e-01 2.359369958425787117e-01 2.464026381801256438e-01 2.589427166812789949e-01 2.736837744232363812e-01 2.908437500640637663e-01 3.107420966578942623e-01 3.338207653428401644e-01 3.606788871747186875e-01 3.921269387940474194e-01 4.292708462194806396e-01 4.736447325823904264e-01
6.065793200278615793e-02 9.040018452925173420e-02 1.186795821690359437e-01 1.377637325891606923e-01 1.564098866409178723e-01 1.742215069554858831e-01 1.907591465873321457e-01 2.055337036431486852e-01 2.180053377777299295e-01 2.275884155021988819e-01 2.336629201846780468e-01 2.355927734574188581e-01 2.327514496101224517e-01 2.356042740342560449e-01 2.463179773086275615e-01 2.590925707479901918e-01 2.740556855773823575e-01 2.914258414017756871e-01 3.115228392147063041e-01 3.347889562811680042e-01 3.618238090020805542e-01 3.934386968416426211e-01 4.307409115434732705e-01 4.752667591033929440e-01
6.155446348980433968e-02 9.197238196271363686e-02 1.208834312061568828e-01 1.392670827084118435e-01 1.574128525022453762e-01 1.749194976878411245e-01 1.913299760556630147e-01 2.061263053556470493e-01 2.187289785365645334e-01 2.285015713089266209e-01 2.347612396843964944e-01 2.367958023365029085e-01 2.338880113935186966e-01 2.368280615169957581e-01 2.478487498510837661e-01 2.609304347422193304e-01 2.762027487878488952e-01 2.938863073115706159e-01 3.143034315880565699e-01 3.378996836833521589e-01 3.652791297539941806e-01 3.972592094012784014e-01 4.349557925903760891e-01 4.799173339651811032e-01
6.222666058676962209e-02 9.321223474894428651e-02 1.227092383617972987e-01 1.408083247754348677e-01 1.587197706643325712e-01 1.760610631459421926e-01 1.923965065574158861e-01 2.072332584843380732e-01 2.200210977107635579e-01 2.301564632844864677e-01 2.369913649912835929e-01 2.398477613249302420e-01 2.380379091390865121e-01 2.417622441946597478e-01 2.532452799113798503e-01 2.668220594515295363e-01 2.826262667333419576e-01 3.008840988919290194e-01 3.219254696140949057e-01 3.462062056379637820e-01 3.743442477667301982e-01 4.071758885057490396e-01 4.458428880436937081e-01 4.919298325077658407e-01
6.286258237823173778e-02 9.439137904295133441e-02 1.244348158101199892e-01 1.421448772793967308e-01 1.597729269934686502e-01 1.769468474878168329e-01 1.932373069501543139e-01 2.081547504933039527e-01 2.211493837131831286e-01 2.316147235261753756e-01 2.388953432112752573e-01 2.422994274540764270e-01 2.411166558526133541e-01 2.453238955819672384e-01 2.571840741178004208e-01 2.711594327325217435e-01 2.873869215578714886e-01 3.060970272767881140e-01 3.276253720529241908e-01 3.524354278187466494e-01 3.811554322164448783e-01 4.146356560363355093e-01 4.540370591979470127e-01 5.009710381691124814e-01
6.337949327409378442e-02 9.537973474888346292e-02 1.258882334506312706e-01 1.431193586849664745e-01 1.604019916799216960e-01 1.773728846305706597e-01 1.936038221513381452e-01 2.085993627691597740e-01 2.217969315954715914e-01 2.325699153532287400e-01 2.402344491306464547e-01 2.440605642202524350e-01 2.432882629047143919e-01 2.478188748890993720e-01 2.599814394178510679e-01 2.742722438750159752e-01 2.908308340002772607e-01 3.098909356540659465e-01 3.317923743940261461e-01 3.570041881021268071e-01 3.861620774130477551e-01 4.201264317426801620e-01 4.600721113966815823e-01 5.076299359488347651e-01
6.370507855640049344e-02 9.606438442008294332e-02 1.269295666263179911e-01 1.436846206638727197e-01 1.606186562744707225e-01 1.773797155690329530e-01 1.935432053167620292e-01 2.086101979477656132e-01 2.220075620429096397e-01 2.330906224503755120e-01 2.411490751643544650e-01 2.454168550900615864e-01 2.450865489013653031e-01 2.499331514830431811e-01 2.623565475806626801e-01 2.769188679497294747e-01 2.937619403944345953e-01 3.131223018305441808e-01 3.353433957810045274e-01 3.608990273690470540e-01 3.904312710398986086e-01 4.248091441217524133e-01 4.652193490978708823e-01 5.133092455175802815e-01
6.382428473211250453e-02 9.642005145244754438e-02 1.275245272498086724e-01 1.438183686359657265e-01 1.604126106276127783e-01 1.769678730239669928e-01 1.930646214391061877e-01 2.082018745240815927e-01 2.217973252039326382e-01 2.331896027297883922e-01 2.416434157168515784e-01 2.463582842863191458e-01 2.464814639013799269e-01 2.516270822289535247e-01 2.642695623932399540e-01 2.790589219675801980e-01 2.961389259761795234e-01 3.157484480795846871e-01 3.382339030026759175e-01 3.640729856970730260e-01 3.939129546331954224e-01 4.286298341985481652e-01 4.694199389164280811e-01 5.179440518614556455e-01
6.380490128978306974e-02 9.654812283697970787e-02 1.278163445298631240e-01 1.437803672304441838e-01 1.601553321532366292e-01 1.766096747639082087e-01 1.927241822610300248e-01 2.079909649536509364e-01 2.218135436325912313e-01 2.335087887575789944e-01 2.423114514997832258e-01 2.473819911039345787e-01 2.478182987597441489e-01 2.531771521053216567e-01 2.660131629524496444e-01 2.810035792361771367e-01 2.982939168175032241e-01 3.181251732386964348e-01 3.408464680460761564e-01 3.669390359831192772e-01 3.970548481250337214e-01 4.320762916404622955e-01 4.732084010964291432e-01 5.221241287801376973e-01
6.361149234699178812e-02 9.639514171114252350e-02 1.277305416387593817e-01 1.434481921273033367e-01 1.596797736360730802e-01 1.760986287932669592e-01 1.922831804842791148e-01 2.077160737297991389e-01 2.217842152575928982e-01 2.337804416978987443e-01 2.429075446406396277e-01 2.482853431231971386e-01 2.489613920937649716e-01 2.544806967262246422e-01 2.674819844396050805e-01 2.826438162447514890e-01 3.001132201658592291e-01 3.201330111790235411e-01 3.430546098378617903e-01 3.693622518110630804e-01 3.997118955862444811e-01 4.349913062943861486e-01 4.764128848907745462e-01 5.256598612511503843e-01
6.323685953359182987e-02 9.595073222179714700e-02 1.272515095965829623e-01 1.427797076612569438e-01 1.589190346869475412e-01 1.753458767098243498e-01 1.916347977283281989e-01 2.072577897919763157e-01 2.215842584460524511e-01 2.338824590670637860e-01 2.433230919554132954e-01 2.489857255108071654e-01 2.498686179431590937e-01 2.555171010614496474e-01 2.686565470516134035e-01 2.839610322253016683e-01 3.015788542141590867e-01 3.217543247677517870e-01 3.448407383250802205e-01 3.713247601663415831e-01 4.018655681145625880e-01 4.373552643328766365e-01 4.790121883214718546e-01 5.285278556401837857e-01
6.270078714342317006e-02 9.524576963554419462e-02 1.264200167224737437e-01 1.418090543140610726e-01 1.579011336132085386e-01 1.743740371929297095e-01 1.907972795272278033e-01 2.066314229517618450e-01 2.212280082942811865e-01 2.338307927500911654e-01 2.435789765538566298e-01 2.495130615476693625e-01 2.505838896650924852e-01 2.563400929342135592e-01 2.695952626662789231e-01 2.850187016581426924e-01 3.027597744796287071e-01 3.230640265496514396e-01 3.462862790480723540e-01 3.729151647772659395e-01 4.036124611560134023e-01 4.392737684330967340e-01 4.811222144109880139e-01 5.308559959080644264e-01
6.203410774612261314e-02 9.432820315727023786e-02 1.252991993187861364e-01 1.405895757834644266e-01 1.566700071826497564e-01 1.732184904939802761e-01 1.897988305055379465e-01 2.058599946512078005e-01 2.207359917813107864e-01 2.336469393678035911e-01 2.437019705430877037e-01 2.499045947342798113e-01 2.511610348235517876e-01 2.570148697233824997e-01 2.703683890573676529e-01 2.858926227740629655e-01 3.037378465828992624e-01 3.241506453819529288e-01 3.474871160410576421e-01 3.742375278161707008e-01 4.050658153806954709e-01 4.408704789473721353e-01 4.828786145331719903e-01 5.327939557613970978e-01
6.149604104426219242e-02 9.359376749309608612e-02 1.243984555562045319e-01 1.395136918232017242e-01 1.555063652943599328e-01 1.720594430828925048e-01 1.887358512252310938e-01 2.049778764093643513e-01 2.201070017522502031e-01 2.333248141394761166e-01 2.437156056640871760e-01 2.502512551909053529e-01 2.517988900642296191e-01 2.578033398269683474e-01 2.712529499146950629e-01 2.868770797608819478e-01 3.048269224479622230e-01 3.253501660105405091e-01 3.488043007105648963e-01 3.756814073362768625e-01 4.066478205610297714e-01 4.426052699732065387e-01 4.847852673703956228e-01 5.348977000085722855e-01
6.094893610887709701e-02 9.283489131260175276e-02 1.234543799277529053e-01 1.383895306316998142e-01 1.542855755045693389e-01 1.708318013937825952e-01 1.875921142769803873e-01 2.040044801907674454e-01 2.193807240411989878e-01 2.329072951919607393e-01 2.436475925200892179e-01 2.505464066035529846e-01 2.524369557603440284e-01 2.586164153378144315e-01 2.721565499028895663e-01 2.878755567882788635e-01 3.059255090381416964e-01 3.265551822979758656e-01 3.501234600772700212e-01 3.771242459181140538e-01 4.082262948281129566e-01 4.443345943822483157e-01 4.866851095685940098e-01 5.369939295984438310e-01
6.035633462388608622e-02 9.199735376649201268e-02 1.223994462840548303e-01 1.371727303381760354e-01 1.529845963487539429e-01 1.695309163271314645e-01 1.863775578442034564e-01 2.029598551150536001e-01 2.185823764320723728e-01 2.324195663564938008e-01 2.435178243066943304e-01 2.507995479404120931e-01 2.530695939367880176e-01 2.594415212379736491e-01 2.730670266871514928e-01 2.888761481548734467e-01 3.070218009838804885e-01 3.277538261513483486e-01 3.514324875467568221e-01 3.785535037623100063e-01 4.097880443415737317e-01 4.460443481671967914e-01 4.885628230943840911e-01 5.390657430668442940e-01
5.971797789215297497e-02 9.108183603233228898e-02 1.212362381597001937e-01 1.358710666921224830e-01 1.516153252517682404e-01 1.681715260642656362e-01 1.851083907264737261e-01 2.018603446884218999e-01 2.177272589481453746e-01 2.318749854387796017e-01 2.433372158107150185e-01 2.510191620754922970e-01 2.537034869517174607e-01 2.602857024709390177e-01 2.739926776629755256e-01 2.898884209990031380e-01 3.081266627231887267e-01 3.289582982387656007e-01 3.527449727775910371e-01 3.799842300543291307e-01 4.113496719287644265e-01 4.477528138206922637e-01 4.904385400392803906e-01 5.411353535670443415e-01
5.903282882324509956e-02 9.008769775505702515e-02 1.199653798345933498e-01 1.344895484855842538e-01 1.501860131813167187e-01 1.667637830894540540e-01 1.837952445068390672e-01 2.007156737561103799e-01 2.168229586926048447e-01 2.312780422664155733e-01 2.431065852720713794e-01 2.512023163448464658e-01 2.543324717561972759e-01 2.611420715860661157e-01 2.749269847010391565e-01 2.909061332254255228e-01 3.092340360790985510e-01 3.301626294905090631e-01 3.540549348948437980e-01 3.814103217035567095e-01 4.129048285565917187e-01 4.494532545789369782e-01 4.923049696929744923e-01 5.431947167453110570e-01
5.829869822562273179e-02 8.901241579405826110e-02 1.185847967673962639e-01 1.330295618954519254e-01 1.487003005563881097e-01 1.653121904409914911e-01 1.824420200617246635e-01 1.995277164718919638e-01 2.158680519636107242e-01 2.306230093254894031e-01 2.428152697822337225e-01 2.513332609346257684e-01 2.549361415465675185e-01 2.619883900166807278e-01 2.758471392584939119e-01 2.919056899212336131e-01 3.103193146519200307e-01 3.313409587945192469e-01 3.553349868696944469e-01 3.828025551190701870e-01 4.144220896200849769e-01 4.511116074977812862e-01 4.941248740953210206e-01 5.452027453397669809e-01
5.740383172906103615e-02 8.768599018372946752e-02 1.168730351223589703e-01 1.312790798145238302e-01 1.469396799746185422e-01 1.635753912577655456e-01 1.807690981594631263e-01 1.979655558687705430e-01 2.144710925303882076e-01 2.294539127235270815e-01 2.419454289889684251e-01 2.508430239848052912e-01 2.549145906279182139e-01 2.622034022223841410e-01 2.760994598760947993e-01 2.921957459146599656e-01 3.106478867726932269e-01 3.317092078088433871e-01 3.557445216149910383e-01 3.832555462331289076e-01 4.149214398032384787e-01 4.516611984858288076e-01 4.947299248885250189e-01 5.458703404575571128e-01
5.645499918877429357e-02 8.627198685898136710e-02 1.150447277770807603e-01 1.294467524172010220e-01 1.451206751730368116e-01 1.617917605038841355e-01 1.790495573942435248e-01 1.963474534827152895e-01 2.130023769376133969e-01 2.281950484581406757e-01 2.409711734948042916e-01 2.502439430817430255e-01 2.547981615113948384e-01 2.623322165866792677e-01 2.762582456588366653e-01 2.923843505621941952e-01 3.108664372980350366e-01 3.319581104328751531e-01 3.560244954877653245e-01 3.835676918468396979e-01 4.152673481420910417e-01 4.520431136568288655e-01 4.951509829163676657e-01 5.463349234096853690e-01
5.546385663908657421e-02 8.478877043937987912e-02 1.131244784288860383e-01 1.275562287433661679e-01 1.432671769003267814e-01 1.599865448161029990e-01 1.773108983116580550e-01 1.947037120937016308e-01 2.114950743827686830e-01 2.268818961522352240e-01 2.399289794674775156e-01 2.495712802069023906e-01 2.546176551037140912e-01 2.624037105020955440e-01 2.763542597256608002e-01 2.925043771678320637e-01 3.110101940808679966e-01 3.321255234263676415e-01 3.562157105192143014e-01 3.837831127784392948e-01 4.155077048310151233e-01 4.523095673851057485e-01 4.954452839358647886e-01 5.466596464345683248e-01
5.444247829168567809e-02 8.325529719305528598e-02 1.111374754839936224e-01 1.256304320893279480e-01 1.414013323611439665e-01 1.581825508626460153e-01 1.755777980367815017e-01 1.930616949389100112e-01 2.099794829343625824e-01 2.255471974921579026e-01 2.388526265830621664e-01 2.488573573752407009e-01 2.544001741108821713e-01 2.624424063955738129e-01 2.764136325013429873e-01 2.925837542908031885e-01 3.111090909511970981e-01 3.322436185721060475e-01 3.563528448615388422e-01 3.839393105563085329e-01 4.156832172911487100e-01 4.525049440676343626e-01 4.956614814122520807e-01 5.468981923241627019e-01
5.340325057239758699e-02 8.169095824913052972e-02 1.091092869938939808e-01 1.236913167187766310e-01 1.395432697374019981e-01 1.563998435776231266e-01 1.738717879145240119e-01 1.914454881944470388e-01 2.084826819801089970e-01 2.242206033812514099e-01 2.377728441379567681e-01 2.481312053629677050e-01 2.541687773496510427e-01 2.624681228408184963e-01 2.764575001671267795e-01 2.926450883681445125e-01 3.111873711650130492e-01 3.323384632886705603e-01 3.564640064353159499e-01 3.840666893262613124e-01 4.158268946897675233e-01 4.526652384292949027e-01 4.958390341793760259e-01 5.470940987865846594e-01
5.235878465278698962e-02 8.011545058512127560e-02 1.070656923947403000e-01 1.217596688952552603e-01 1.377108734159490089e-01 1.546555003557416597e-01 1.722109912630207240e-01 1.898756266706095042e-01 2.070282500038569673e-01 2.229283876393965969e-01 2.367170241363917293e-01 2.474182791855757957e-01 2.539422000791371481e-01 2.624956925784513451e-01 2.765017126272574788e-01 2.927053590540326655e-01 3.112632674010717970e-01 3.324296823156782654e-01 3.565703729590292137e-01 3.841881703613940213e-01 4.159636323626281218e-01 4.528176043395289452e-01 4.960077128380455669e-01 5.472802138206743772e-01
5.133773450524089371e-02 7.857299107221760170e-02 1.050620612863209374e-01 1.198624304800155610e-01 1.359122287039270238e-01 1.529485084133447581e-01 1.705941590255872220e-01 1.883575063184289855e-01 2.056320428571882242e-01 2.216965267561642472e-01 2.357156824850368260e-01 2.467417267306662165e-01 2.537169129023828518e-01 2.625031529328576974e-01 2.765233291920285996e-01 2.927404537630753922e-01 3.113112897862106432e-01 3.324901830395702862e-01 3.566429940755712069e-01 3.842726495639474105e-01 4.160598208070836468e-01 4.529254998418620892e-01 4.961275129942366857e-01 5.474123977633816862e-01
5.038624518590718859e-02 7.713456558495644655e-02 1.031861047436624795e-01 1.180332970502042250e-01 1.341447430689907405e-01 1.512581211804975845e-01 1.689989236215737878e-01 1.868800626653383812e-01 2.043016035152768750e-01 2.205508422673262969e-01 2.348029445716482977e-01 2.461223511712893608e-01 2.534651295462276299e-01 2.624283282433843567e-01 2.764570143317291451e-01 2.926813483998301213e-01 3.112581611647418645e-01 3.324418115191373757e-01 3.565981295558711683e-01 3.842299726915743285e-01 4.160179038814452168e-01 4.528827622471793823e-01 4.960821647401411627e-01 5.473623618434645399e-01
4.946449496871691692e-02 7.573954229044617403e-02 1.013655913623111443e-01 1.162638472121387684e-01 1.324430306364084986e-01 1.496407945440922094e-01 1.674842663900088235e-01 1.854896607713759638e-01 2.030620149426171084e-01 2.194952489751134939e-01 2.339727503148535392e-01 2.455686741145717278e-01 2.532501259280248718e-01 2.623745614025722594e-01 2.764117727443647921e-01 2.926435669592492017e-01 3.112268452257744289e-01 3.324159925718276898e-01 3.565768315984237380e-01 3.842121843707154150e-01 4.160025525983170880e-01 4.528686867157080687e-01 4.960680820129887980e-01 5.473468233795905080e-01
4.857669666667728536e-02 7.439463362755095732e-02 9.960980875672204027e-02 1.145647142151892950e-01 1.308184947299803058e-01 1.481081454386305452e-01 1.660615289499015879e-01 1.841969941269495925e-01 2.019231144764774000e-01 2.185387331893779705e-01 2.332335005491871505e-01 2.450890819839273149e-01 2.530811921398538056e-01 2.623522186536390022e-01 2.763986530546509446e-01 2.926389204691430268e-01 3.112300027008539360e-01 3.324263348057418521e-01 3.565937700263298038e-01 3.842351495684104834e-01 4.160309887344731949e-01 4.529020509805755101e-01 4.961058488452319004e-01 5.473884941832704021e-01
4.772610223084196995e-02 7.310505089452352945e-02 9.792602157964611087e-02 1.129443381760885656e-01 1.292800782944966698e-01 1.466689780726568026e-01 1.647388271097320056e-01 1.830090933295457911e-01 2.008906645884870334e-01 2.176858810019599855e-01 2.325890311937083843e-01 2.446874790474128925e-01 2.529635663086432507e-01 2.623677892671227307e-01 2.764246035548862390e-01 2.926748646500366702e-01 3.112756499779129604e-01 3.324814755316207737e-01 3.566582730040770421e-01 3.843089703074136221e-01 4.161141887533233996e-01 4.529948302678640237e-01 4.962085959749276687e-01 5.475018623218173008e-01
4.691496764755405391e-02 7.187445327608754653e-02 9.631940687780400634e-02 1.114088983689355966e-01 1.278341922580552847e-01 1.453292077488206047e-01 1.635209698735053674e-01 1.819292404430340182e-01 1.999662633005263035e-01 2.169367860908766876e-01 2.320385204810208324e-01 2.443631968571689239e-01 2.528983497715474593e-01 2.624238028697974956e-01 2.764923867892546405e-01 2.927544109834508967e-01 3.113670658442813655e-01 3.325849822999123462e-01 3.567742223804382662e-01 3.844378736764941240e-01 4.162567631399757273e-01 4.531520663374775659e-01 4.963818575966956748e-01 5.476930340615984161e-01
4.614452319860574275e-02 7.070490472247679958e-02 9.479299947314587249e-02 1.099622560719456660e-01 1.264846551146575626e-01 1.440917966627361102e-01 1.624093912259019501e-01 1.809568969091227830e-01 1.991472688136664837e-01 2.162869721862237804e-01 2.315764109715444663e-01 2.441109181516584181e-01 2.528824358248660253e-01 2.625187600267701593e-01 2.766005078528774308e-01 2.928760520783061927e-01 3.115027132394864173e-01 3.327352702993660039e-01 3.569399659022207683e-01 3.846201179028216344e-01 4.164568552044971006e-01 4.533717576577500630e-01 4.966234512320831795e-01 5.479596013205549898e-01
4.541494817200447676e-02 6.959683733153203267e-02 9.334764563348786626e-02 1.086059061311874518e-01 1.252326417610827858e-01 1.429566995719786238e-01 1.614020924380106803e-01 1.800876426075538606e-01 1.984267358218651522e-01 2.157273275825013492e-01 2.311923437089412059e-01 2.439206126278847253e-01 2.529084496072641630e-01 2.626470736898783853e-01 2.767431539310901134e-01 2.930336987517229153e-01 3.116761733021019554e-01 3.329255327444037293e-01 3.571482432409010532e-01 3.848479132106160661e-01 4.167060558210763377e-01 4.536447668783225029e-01 4.969233765229985056e-01 5.482905299998755977e-01
4.468418840001762982e-02 6.848593425829059556e-02 9.189948479142336091e-02 1.072599113782240488e-01 1.239920243764201235e-01 1.418221670552374247e-01 1.603740781731186338e-01 1.791685430717549210e-01 1.976231543571416172e-01 2.150523131383063891e-01 2.306676028248820787e-01 2.435786633959288461e-01 2.527946780802804438e-01 2.626448136284684765e-01 2.767476569598398273e-01 2.930445722527688091e-01 3.116930859805923659e-01 3.329481989366500638e-01 3.571764153197786729e-01 3.848813804352617107e-01 4.167446490688809235e-01 4.536883696536120891e-01 4.969719437390276995e-01 5.483441176270136275e-01
4.396344004096673641e-02 6.738945554313426067e-02 9.047123561966771699e-02 1.059461564236988812e-01 1.227855768055256536e-01 1.407134822521495521e-01 1.593544605157503902e-01 1.782333610995830153e-01 1.967750638599544410e-01 2.143044767807237017e-01 2.300468845123715966e-01 2.431287658038471522e-01 2.525791832536747883e-01 2.625471475293297829e-01 2.766511185763469993e-01 2.929479995413521443e-01 3.115953164157711508e-01 3.328480194998112984e-01 3.570725148809855143e-01 3.847722987725684662e-01 4.166287164982634961e-01 4.535636296590786487e-01 4.968360476244522150e-01 5.481941738807426523e-01
4.328280238233749716e-02 6.635363683686897052e-02 8.912346944838356322e-02 1.047225317525246890e-01 1.216745333085486602e-01 1.397008691774653255e-01 1.584270411098180342e-01 1.773823256501906309e-01 1.959995510843264566e-01 2.136150929327549630e-01 2.294691997075264112e-01 2.427067577656267794e-01 2.523785905781726902e-01 2.624602873272726677e-01 2.765655009318773172e-01 2.928625777497820271e-01 3.115090455995877528e-01 3.327598115981499349e-01 3.569811960566603992e-01 3.846765640626744753e-01 4.165270763325347181e-01 4.534543414974398501e-01 4.967170230119453689e-01 5.480628456499578860e-01
4.264542719744395666e-02 6.538340716183431434e-02 8.786271317065807995e-02 1.035948749971197375e-01 1.206642922829086612e-01 1.387895513380381363e-01 1.575971143223602322e-01 1.766209961531760853e-01 1.953025501175822409e-01 2.129904621013503363e-01 2.289410558061021062e-01 2.423190089811537717e-01 2.521985682891176306e-01 2.623895868533696607e-01 2.764964898388230230e-01 2.927943670232738271e-01 3.114407539635776767e-01 3.326905273989311240e-01 3.569099419275196805e-01 3.846022600034800232e-01 4.164484967852945529e-01 4.533700609817327143e-01 4.966253425992261383e-01 5.479616881990199140e-01
4.205397284678182024e-02 6.448292977865356657e-02 8.669444740295147167e-02 1.025677427945431985e-01 1.197587765401057491e-01 1.379831269558428053e-01 1.568682456776050727e-01 1.759531435173715408e-01 1.946881849662827069e-01 2.124350820230078429e-01 2.284671809019806210e-01 2.419701333260359799e-01 2.520430327307461305e-01 2.623385847339848032e-01 2.764478537077826314e-01 2.927473929928280372e-01 3.113947542682851122e-01 3.326448004042429907e-01 3.568637455179246021e-01 3.845547849405600571e-01 4.163988367750442454e-01 4.533171756262211471e-01 4.965680079605533370e-01 5.478984268575125549e-01
4.151059587672775719e-02 6.365559007835519534e-02 8.562309116325361735e-02 1.016443943903031361e-01 1.189604159498227759e-01 1.372835507708962122e-01 1.562422529492941969e-01 1.753807306630869312e-01 1.941587497056881106e-01 2.119516276397159504e-01 2.280505038336851920e-01 2.416629692475603663e-01 2.519141294116447605e-01 2.623089855294485906e-01 2.764214240889341090e-01 2.927236265407874294e-01 3.113731704064338079e-01 3.326249230893583153e-01 3.568450860428463156e-01 3.845368264622039955e-01 4.163810185614991721e-01 4.532988749544742957e-01 4.965485170715039920e-01 5.478769211880433199e-01
4.101694370655147026e-02 6.290398505142129337e-02 8.465198855371645903e-02 1.008267773954543978e-01 1.182701323701904478e-01 1.366911182467811792e-01 1.557191897541049808e-01 1.749038956334873773e-01 1.937146912625379858e-01 2.115409337344830998e-01 2.276921368843922711e-01 2.413985627712310345e-01 2.518122165869911000e-01 2.623006433920288538e-01 2.764170788151711355e-01 2.927229662742320548e-01 3.113759190447406566e-01 3.326308275374435519e-01 3.568539083390412925e-01 3.845483394012537692e-01 4.163950040522216289e-01 4.533151247906329617e-01 4.965668361906094286e-01 5.478971339612754843e-01
4.057414824492282246e-02 6.222991410217712516e-02 8.378339715183240333e-02 1.001155153776532997e-01 1.176873265239800209e-01 1.362044518202137344e-01 1.552973312720786481e-01 1.745209368986283816e-01 1.933545944359224555e-01 2.112019798266922821e-01 2.273913607360006917e-01 2.411761527242703707e-01 2.517358509858779736e-01 2.623115478619914009e-01 2.764327273528482953e-01 2.927432232955733959e-01 3.114006936735477793e-01 3.326600686155536390e-01 3.568876049965943875e-01 3.845865267258752329e-01 4.164377742215024658e-01 4.533626449281114024e-01 4.966193754352258294e-01 5.479551042070669453e-01
4.018282030268390675e-02 6.163437101452304279e-02 8.301847786255081574e-02 9.950989701925337660e-02 1.172098665365662595e-01 1.358204888953822298e-01 1.549731617819776752e-01 1.742283005298811416e-01 1.930751688268067812e-01 2.109318769941830318e-01 2.271456113445402270e-01 2.409931578483386627e-01 2.516817753660404722e-01 2.623378114846049991e-01 2.764642980323048227e-01 2.927801079288919750e-01 3.114429507060913482e-01 3.327078093136392467e-01 3.569410007886807401e-01 3.846458228888722797e-01 4.165033111777106112e-01 4.534348896723684463e-01 4.966989675010096139e-01 5.480429237341696291e-01
3.984304468976113817e-02 6.111753690595740640e-02 8.235728602345711302e-02 9.900786661856378346e-02 1.168340778974969046e-01 1.355344713323755612e-01 1.547413637502914052e-01 1.740205689750409512e-01 1.928712374005931429e-01 2.107258563434666887e-01 2.269504684587387577e-01 2.408451655275449521e-01 2.516449076305749544e-01 2.623736589832200705e-01 2.765057268844453575e-01 2.928272181169760957e-01 3.114958973284622790e-01 3.327668079308973570e-01 3.570063390639873768e-01 3.847178792764540112e-01 4.165825824921876586e-01 4.535220308377924670e-01 4.967948490656332594e-01 5.481487166116398857e-01
3.955437590156003769e-02 6.067877403241008633e-02 8.179876358791472735e-02 9.860601574586000395e-02 1.165547346453740668e-01 1.353399362189920963e-01 1.545948082543686652e-01 1.738904512076004938e-01 1.927357264513152035e-01 2.105772588942434187e-01 2.267996455483295148e-01 2.407259219019760310e-01 2.516183312841027697e-01 2.624114177664040315e-01 2.765489478539917556e-01 2.928760292502418094e-01 3.115504808498256173e-01 3.328274068450568501e-01 3.570732698207577105e-01 3.847915514557291305e-01 4.166635274656689258e-01 4.536109428470452287e-01 4.968926444920799823e-01 5.482566211875388174e-01
3.931583431468899104e-02 6.031662032760261999e-02 8.134073223821047804e-02 9.829957589506585491e-02 1.163650516070417612e-01 1.352287077482290101e-01 1.545245465546190300e-01 1.738287740592985298e-01 1.926596567725140097e-01 2.104775266812764223e-01 2.266849809455567244e-01 2.406273231733264961e-01 2.515932870411141664e-01 2.624415095823643407e-01 2.765838841964865513e-01 2.929158852267109148e-01 3.115953793423457130e-01 3.328775226423229538e-01 3.571288392262265687e-01 3.848528879681640258e-01 4.167310450599021610e-01 4.536851896373167992e-01 4.969743515082427066e-01 5.483467742882243146e-01
3.912590282393892116e-02 6.002878457828282610e-02 8.097988730328836704e-02 9.808241199636949514e-02 1.162566775480197157e-01 1.351908900511006040e-01 1.545198026592693452e-01 1.738244745745465003e-01 1.926321358700084363e-01 2.104161949071954030e-01 2.265964300338356441e-01 2.405394079392742523e-01 2.515591654283768630e-01 2.624524431630167465e-01 2.765984408962409713e-01 2.929339905736048633e-01 3.116169933931896008e-01 3.329026374204845928e-01 3.571574803821924715e-01 3.848851204558259020e-01 4.167669832647954431e-01 4.537250131242384632e-01 4.970183285901915160e-01 5.483952972974218687e-01
3.898252386253804602e-02 5.981214215139073198e-02 8.071179237444496557e-02 9.794701667529932820e-02 1.162196891127078580e-01 1.352148608571771826e-01 1.545679667488807363e-01 1.738645932498354141e-01 1.926403510768245619e-01 2.103808850051342438e-01 2.265220583428281531e-01 2.404503504181753071e-01 2.515035002474703685e-01 2.624308077241887527e-01 2.765784979673759914e-01 2.929154034871044310e-01 3.115994388182478647e-01 3.328857911064871944e-01 3.571410051680942721e-01 3.848686549399987777e-01 4.167501297067365273e-01 4.537073230125400203e-01 4.969992838184097428e-01 5.483742838605275560e-01
3.888309675616045957e-02 5.966273120152618126e-02 8.053087452806950708e-02 9.788450516071953156e-02 1.162425854509079454e-01 1.352872658742109713e-01 1.546545893476143074e-01 1.739342680416539610e-01 1.926695634514253297e-01 2.103572984912140120e-01 2.264480354302789433e-01 2.403464544464171404e-01 2.514119627836254312e-01 2.623612672085350872e-01 2.765079045208619912e-01 2.928430296684434442e-01 3.115245402098886784e-01 3.328075746537206281e-01 3.570585970184173008e-01 3.847810640990075304e-01 4.166562033330835635e-01 4.536056877743936400e-01 4.968882650111494104e-01 5.482517889980424997e-01
3.882447536827575429e-02 5.957574929742368713e-02 8.043042007768784474e-02 9.788461075838846004e-02 1.163122834422948421e-01 1.353930137940933531e-01 1.547633761447851364e-01 1.740167290435255809e-01 1.927031023578354152e-01 2.103292115045244104e-01 2.263586294485647188e-01 2.402121481481079568e-01 2.512683566638505006e-01 2.622265551745047718e-01 2.763684734977839286e-01 2.926976168525450839e-01 3.113718252099794692e-01 3.326461240042488110e-01 3.568868045124867217e-01 3.845970804148067801e-01 4.164578470323128667e-01 4.533903266429630818e-01 4.966526509681261081e-01 5.479918194441273371e-01
3.880296600042053290e-02 5.954555041484459882e-02 8.040257078865245544e-02 9.793568081865197672e-02 1.164141134431510294e-01 1.355152718457268979e-01 1.548761833841336699e-01 1.740932937471103004e-01 1.927223606408977330e-01 2.102784699470482965e-01 2.262362023086803842e-01 2.400299791913179659e-01 2.510546132814024944e-01 2.620074702487431573e-01 2.761399769835746199e-01 2.924577499405148218e-01 3.111185194152508715e-01 3.323771147179293006e-01 3.565995356724808163e-01 3.842885900769111851e-01 4.161246210697964187e-01 4.530281024909142973e-01 4.962561436820974725e-01 5.475543250530874317e-01
3.881432551603729297e-02 5.956564225064452101e-02 8.043832049817231655e-02 9.802467313689477990e-02 1.165318154903550729e-01 1.356354618266199796e-01 1.549730137499387983e-01 1.741433628143761458e-01 1.927067903222171030e-01 2.101849851484199616e-01 2.260612053668004107e-01 2.397806105573036528e-01 2.507507877154902531e-01 2.616828720711111833e-01 2.758001420301348094e-01 2.920998466599862287e-01 3.107395418353729455e-01 3.319737571844098567e-01 3.561680528804145318e-01 3.838246275482037340e-01 4.156229972363875702e-01 4.524825154823117201e-01 4.956587613962875061e-01 5.468951911391405352e-01
3.887424680911811398e-02 5.966012534998101080e-02 8.057445872650424723e-02 9.823500001314429408e-02 1.167898965148655849e-01 1.359128490216377494e-01 1.552415038510903955e-01 1.743772634479537342e-01 1.928851920868525083e-01 2.102940354391168720e-01 2.260963776332529096e-01 2.397489605627399767e-01 2.506731864560662326e-01 2.615951069082529945e-01 2.757097933447471561e-01 2.920060648093876776e-01 3.106414442191404168e-01 3.318703910160730741e-01 3.560583558259169390e-01 3.837073818668246816e-01 4.154967722316214029e-01 4.523455911178307365e-01 4.955090222758686824e-01 5.467299734303852077e-01
3.898033446681857528e-02 5.982534146202828085e-02 8.080644886638288504e-02 9.856495815149432516e-02 1.171894705285053823e-01 1.363513075260147922e-01 1.556882233667514492e-01 1.748042230615086123e-01 1.932694737936983265e-01 2.106203262749047622e-01 2.263594675728660133e-01 2.399562280651683643e-01 2.508470616500919070e-01 2.617720709967453763e-01 2.758983467627483810e-01 2.922075716802790546e-01 3.108573941017161446e-01 3.321024600149661832e-01 3.563084796591038383e-01 3.839778482361304590e-01 4.157903425571258804e-01 4.526656665774853594e-01 4.958598775832614991e-01 5.471170967808495211e-01
3.911695518237667119e-02 6.003731240147984483e-02 8.109952950019894136e-02 9.895085772483887265e-02 1.176418974372027137e-01 1.368417432638723563e-01 1.561881472361006662e-01 1.752873440483187217e-01 1.937139677144053551e-01 2.110110745071639149e-01 2.266902918249067700e-01 2.402321137954273600e-01 2.510863610961245329e-01 2.620133832334520241e-01 2.761546198556615317e-01 2.924807118611771894e-01 3.111494708644992335e-01 3.324157912890515210e-01 3.566457322769047700e-01 3.843421639036285198e-01 4.161855031007585803e-01 4.530963187709918794e-01 4.963318492896718337e-01 5.476378563773559582e-01
3.927943123953565180e-02 6.028887048511203522e-02 8.144415662559408020e-02 9.938258004849795380e-02 1.181369136571686351e-01 1.373741985193085435e-01 1.567320736684394700e-01 1.758186081797859512e-01 1.942122226729480483e-01 2.114617136027346356e-01 2.270863983819650378e-01 2.405764005490463597e-01 2.513930910275641306e-01 2.623219914510522832e-01 2.764817276570512017e-01 2.928287917276537478e-01 3.115211982155028370e-01 3.328141547932871869e-01 3.570741629626606461e-01 3.848046962686571537e-01 4.166869858765374079e-01 4.536427012540594217e-01 4.969305836611204175e-01 5.482984821425345157e-01
3.946260650135680059e-02 6.057211166104119887e-02 8.182980498754996446e-02 9.984897728582231569e-02 1.186631954303215136e-01 1.379376424859889427e-01 1.573097340101196340e-01 1.763889565823595351e-01 1.947567937142676009e-01 2.119667512330569159e-01 2.275444988283031045e-01 2.409881456114172094e-01 2.517686645157463099e-01 2.627002931543229169e-01 2.768822045619367955e-01 2.932545021498949023e-01 3.119754445973805801e-01 3.333006200246185213e-01 3.575970691439019356e-01 3.853690022119759528e-01 4.172986450188538865e-01 4.543090117045630039e-01 4.976606798024852951e-01 5.491040485924382208e-01
3.966084546442145975e-02 6.087839415692421208e-02 8.224496638921811875e-02 1.003378707355305349e-01 1.192083570800608755e-01 1.385199694859614861e-01 1.579097909251543641e-01 1.769882878842203577e-01 1.953392402281050599e-01 2.125197673941566223e-01 2.280604664837624362e-01 2.414656789625093114e-01 2.522138997810870475e-01 2.631501338660309774e-01 2.773580026227905893e-01 2.937599167229233976e-01 3.125144213353391875e-01 3.338775540696941047e-01 3.582169943199019491e-01 3.860378258802378282e-01 4.180234543969187921e-01 4.550984893345452753e-01 4.985256868271739639e-01 5.500584717136420831e-01
3.986803240315270336e-02 6.119833725726389617e-02 8.267714816437990444e-02 1.008360492831332084e-01 1.197589494343174188e-01 1.391079973594249175e-01 1.585198367505565309e-01 1.776054565400372043e-01 1.959501242531787590e-01 2.131134127074141016e-01 2.286293347262217668e-01 2.420066016543555576e-01 2.527290186668290084e-01 2.636728056321675506e-01 2.779104900097635888e-01 2.943464901674598955e-01 3.131396809636859402e-01 3.345466198409360326e-01 3.589357261892184292e-01 3.868130966842920349e-01 4.188635054594727070e-01 4.560134125520416970e-01 4.995281013000222314e-01 5.511645061418133373e-01
4.007757059445919007e-02 6.152182019574384958e-02 8.311287179387574775e-02 1.013292679984861139e-01 1.203004583975508524e-01 1.396874660066994844e-01 1.591263920072231719e-01 1.782282713142361585e-01 1.965790089418847919e-01 2.137394068812373538e-01 2.292452954729617687e-01 2.426077843422919655e-01 2.533136452574815678e-01 2.642690456689633094e-01 2.785404496170332811e-01 2.950150568825989361e-01 3.138521157112991733e-01 3.353087744801677705e-01 3.597542949551395530e-01 3.876959274876988215e-01 4.198200052843272245e-01 4.570550968451329021e-01 5.006693649232326626e-01 5.524237426084451785e-01
4.028238161409452428e-02 6.183798115023458192e-02 8.353767165050268728e-02 1.018022468637157230e-01 1.208173036556145358e-01 1.402430360659532582e-01 1.597149040495458305e-01 1.788434939056308959e-01 1.972144571681420655e-01 2.143885373162110752e-01 2.299016978037174419e-01 2.432653659532801604e-01 2.539668046262575363e-01 2.649390351362944651e-01 2.792480777993998076e-01 2.957658296338030457e-01 3.146519561287434152e-01 3.361642679115801613e-01 3.606729717896846044e-01 3.886866129647655876e-01 4.208932748104504684e-01 4.582238928640403608e-01 5.019498624389081565e-01 5.538366056265743298e-01
4.047490469715689376e-02 6.213521632959793928e-02 8.393609385874674367e-02 1.022386696176608989e-01 1.212928374993502006e-01 1.407582877122267595e-01 1.602697458389628071e-01 1.794368376983395963e-01 1.978440302631112313e-01 2.150506578384071832e-01 2.305910467102870454e-01 2.439747524766687770e-01 2.546869216977168948e-01 2.656823980239600425e-01 2.800329832251933215e-01 2.965983983617247466e-01 3.155387698418601894e-01 3.371126415280354394e-01 3.616912674391664639e-01 3.897846281099330845e-01 4.220827472330302421e-01 4.595191846800395497e-01 5.033689197249600067e-01 5.554023513898621589e-01
4.064709615604945175e-02 6.240117914270647270e-02 8.429169525733808122e-02 1.026211827046261821e-01 1.217093437544627399e-01 1.412157195650255159e-01 1.607742148284361516e-01 1.799929666257188143e-01 1.984542868653424441e-01 2.157146875473775205e-01 2.313050019593813067e-01 2.447306158645015939e-01 2.554718202134845240e-01 2.664982001389365474e-01 2.808941858332270058e-01 2.975117290991151631e-01 3.165114604184877667e-01 3.381527269966367322e-01 3.628079309563749244e-01 3.909886268825327749e-01 4.233869665443030783e-01 4.609393882025133449e-01 5.049248020639688361e-01 5.571190658625070347e-01
4.079042885000068452e-02 6.262277944121472095e-02 8.458704245402373645e-02 1.029313943166738354e-01 1.220480368066873267e-01 1.415967476932475377e-01 1.612105319463694453e-01 1.804954941356062825e-01 1.990307818734941558e-01 2.163686097669388630e-01 2.320343770569683328e-01 2.455268930300087693e-01 2.563187217903407644e-01 2.673849481831216401e-01 2.818301158829866204e-01 2.985041629845783806e-01 3.175682663365446690e-01 3.392826451711548619e-01 3.640209485462011507e-01 3.922964409728257329e-01 4.248035862049791556e-01 4.624819497376865263e-01 5.066147125669933082e-01 5.589836630401219253e-01
4.089589170092222670e-02 6.278618282859534105e-02 8.480371096317944335e-02 1.031498735199292693e-01 1.222890607125354800e-01 1.418817047075156268e-01 1.615598406698152689e-01 1.809269822465269517e-01 1.995580654911427998e-01 2.169994710882429123e-01 2.327691383037340800e-01 2.463567849342341021e-01 2.572242450612305387e-01 2.683405889122982835e-01 2.828386130885000571e-01 2.995734153632472752e-01 3.187067600430839032e-01 3.404998051003531034e-01 3.653275425130690923e-01 3.937050786768802046e-01 4.263293679328601926e-01 4.641433446745029667e-01 5.084347907364284991e-01 5.609918833640347158e-01
4.095398925097503556e-02 6.287681002880529668e-02 8.492228441795088290e-02 1.032561494564626370e-01 1.224114883870172921e-01 1.420498389311227461e-01 1.618022061779854914e-01 1.812689406857017071e-01 2.000196823544057312e-01 2.175933804958316564e-01 2.334984039324750904e-01 2.472127557519128160e-01 2.581844048908260580e-01 2.693625083681243093e-01 2.839169258274392704e-01 3.007165749655987819e-01 3.199238470951251689e-01 3.418009031225175409e-01 3.667241702998804143e-01 3.952107238692835200e-01 4.279601805968030193e-01 4.659190762847864042e-01 5.103801111538491808e-01 5.631382922734934349e-01
4.095474125773233137e-02 6.287933630869156632e-02 8.492235384954995026e-02 1.032287106142591032e-01 1.223933208607069639e-01 1.420793136417886349e-01 1.619166145780902843e-01 1.815018261007322053e-01 2.003981707341475627e-01 2.181355085684274497e-01 2.342104433192731261e-01 2.480865321087117881e-01 2.591946116582211079e-01 2.704475311758719469e-01 2.850617104179576922e-01 3.019301031566209992e-01 3.212157653741111174e-01 3.431819220375945112e-01 3.682065236093444716e-01 3.968087350639277755e-01 4.296909992055147343e-01 4.678036746262829171e-01 5.124446822803676582e-01 5.654162788820159546e-01
4.088768232328278407e-02 6.277769094889923407e-02 8.478251702714977023e-02 1.030450041586243037e-01 1.222114865993690486e-01 1.419472063772979353e-01 1.618809721964244164e-01 1.816050413377455763e-01 2.006750618054615465e-01 2.186100867471325038e-01 2.348926762612175423e-01 2.489691023828348171e-01 2.602496706001707905e-01 2.715919199014642516e-01 2.862690304566106736e-01 3.032098332484188252e-01 3.225780843667516717e-01 3.446381303493082360e-01 3.697695275995941389e-01 3.984936445542075489e-01 4.315159039818545761e-01 4.697906955384654748e-01 5.146214453584407877e-01 5.678180547656779265e-01
4.074186155401592763e-02 6.255505675861666726e-02 8.448037785254131071e-02 1.026814353190993040e-01 1.218418408801070635e-01 1.416295082988485998e-01 1.616721049283938172e-01 1.815569347795719934e-01 2.008308789779188197e-01 2.190004066645150904e-01 2.355316723142352187e-01 2.498507160647606695e-01 2.613437812090115275e-01 2.727913744620623082e-01 2.875343562114385243e-01 3.045509698701086010e-01 3.240057045058187257e-01 3.461640815704664087e-01 3.714073401468778735e-01 4.002591576249240335e-01 4.334280795143445331e-01 4.718727197220980440e-01 5.169022734052762802e-01 5.703346528524660952e-01
4.050584224818269685e-02 6.219386962999671337e-02 8.399254580434495354e-02 1.021133668266029637e-01 1.212591652186508356e-01 1.411011236066120333e-01 1.612657576418639327e-01 1.813347997382300514e-01 2.008451372807870394e-01 2.192888195287719388e-01 2.361131501852890557e-01 2.507208831695611484e-01 2.624705366800386130e-01 2.740410315850848044e-01 2.888525640649362569e-01 3.059480883895194236e-01 3.254928565651523109e-01 3.477536135854089605e-01 3.731133511689070370e-01 4.020981518290314694e-01 4.354198139784944410e-01 4.740413518945374993e-01 5.192779702890722993e-01 5.729559264030278376e-01
4.016770160863335215e-02 6.167581812853609874e-02 8.329463542712668700e-02 1.013151183960833146e-01 1.204371668429756043e-01 1.403358690025925948e-01 1.606365936288117746e-01 1.809148738966077363e-01 2.006963427980435200e-01 2.194567355577788925e-01 2.366219771738224398e-01 2.515683736968452044e-01 2.636229234036772118e-01 2.753354643110920152e-01 2.902179360022044130e-01 3.073951343818141502e-01 3.270331011037632130e-01 3.493998480642035998e-01 3.748801820031328336e-01 4.040026763230982754e-01 4.374824984213482315e-01 4.762872200136208933e-01 5.217382698802590646e-01 5.756705480741773906e-01
3.971503047840741624e-02 6.098184311608615543e-02 8.236126586125856741e-02 1.002599662504575218e-01 1.193484782089520857e-01 1.393064731963949698e-01 1.597581941007931161e-01 1.802723387947650080e-01 2.003619921485517708e-01 2.194846234583902878e-01 2.370421686578685627e-01 2.523812171338964960e-01 2.647933204982786948e-01 2.766686815364498009e-01 2.916241591400713373e-01 3.088854231406552575e-01 3.286193279544536439e-01 3.510951899237619300e-01 3.766996848348277971e-01 4.059639512560112018e-01 4.396066261033541589e-01 4.785999745637395386e-01 5.242718352707516072e-01 5.784660090574428315e-01
3.913493309709192153e-02 6.009213740351437155e-02 8.116606040979629233e-02 9.892014268206017480e-02 1.179646565541779130e-01 1.379845764499657290e-01 1.586030577242085182e-01 1.793813193567674047e-01 1.998185720072585825e-01 2.193520099468342088e-01 2.373568876207254874e-01 2.531467019980385147e-01 2.659734993798095193e-01 2.780341275921187072e-01 2.930643252934211906e-01 3.104116392280056314e-01 3.302437557528624668e-01 3.528313268315628748e-01 3.785629421703910480e-01 4.079723672060210915e-01 4.417817918922860576e-01 4.809682878983775889e-01 5.268662580549539065e-01 5.813286182857454465e-01
3.918352678811674872e-02 6.016774073318816723e-02 8.126803838570148542e-02 9.903866657338877832e-02 1.181119307992284373e-01 1.381729704024952099e-01 1.588443231673672407e-01 1.796858105862307042e-01 2.001944671551329491e-01 2.198045319860349733e-01 2.378875231895839215e-01 2.537524158689481446e-01 2.666459421297899257e-01 2.787505925604800705e-01 2.938203986854230898e-01 3.112132438791624933e-01 3.310972547659405962e-01 3.537437869794763379e-01 3.795424369354660765e-01 4.090283508627481357e-01 4.429255858350166219e-01 4.822137390928584733e-01 5.282306625892058127e-01 5.828340618220378966e-01
3.923750215077115300e-02 6.025157295980348299e-02 8.138108905312918528e-02 9.917021043180686279e-02 1.182735723923627469e-01 1.383764251716946558e-01 1.591006751177002909e-01 1.800047724459669096e-01 2.005836417677258621e-01 2.202686734352941322e-01 2.384277958558380650e-01 2.543656492961343107e-01 2.673238793142784786e-01 2.794719478276899705e-01 2.945815976533222580e-01 3.120202517306594481e-01 3.319564796314701804e-01 3.546623452146086541e-01 3.805284582633153279e-01 4.100913550106720096e-01 4.440769721505430923e-01 4.834674494235061681e-01 5.296041110272208252e-01 5.843494841337750767e-01
3.929701894769887377e-02 6.034388150928803041e-02 8.150555038634234306e-02 9.931520054739460812e-02 1.184500976473339406e-01 1.385955468034388571e-01 1.593728071411708025e-01 1.803389819712937492e-01 2.009869505414096091e-01 2.207453591638508239e-01 2.389786915654502908e-01 2.549874386625215483e-01 2.680083856251804231e-01 2.801993125837240473e-01 2.953491033754943040e-01 3.128339151953862807e-01 3.328227639316485020e-01 3.555884273231754156e-01 3.815225367520849176e-01 4.111630298253561855e-01 4.452377382747195744e-01 4.847313652155234576e-01 5.309887356018538895e-01 5.858772378635119793e-01
3.936221264858028729e-02 6.044487638542898889e-02 8.164170969662155886e-02 9.947400244035231598e-02 1.186419529700075415e-01 1.388308634977089007e-01 1.596613283739026778e-01 1.806891266146644914e-01 2.014051548672736169e-01 2.212354183665363183e-01 2.395410994201087052e-01 2.556187233057749530e-01 2.687004391707587536e-01 2.809337068402066873e-01 2.961239924111921940e-01 3.136553758041024653e-01 3.336973232207604556e-01 3.565233329378246774e-01 3.825260676017369632e-01 4.122448795297236068e-01 4.464095135683021076e-01 4.860072606793268690e-01 5.323864799973048179e-01 5.874194676148039029e-01
3.943319437665324112e-02 6.055473009351373254e-02 8.178980353554408944e-02 9.964692075016509665e-02 1.188495147346976255e-01 1.390828254734163549e-01 1.599667633768827868e-01 1.810558040917593092e-01 2.018389226702892170e-01 2.217395843979028947e-01 2.401158115084435773e-01 2.562603453489571415e-01 2.694009213082843024e-01 2.816760512623961987e-01 2.969072365275460257e-01 3.144856640258308911e-01 3.345812548372804618e-01 3.574682353396277934e-01 3.835403104038951350e-01 4.133382621694301484e-01 4.475937690751105036e-01 4.872967376482014723e-01 5.337990990622177856e-01 5.889781096356491163e-01
3.951005085911280662e-02 6.067357756951753667e-02 8.195001760529779800e-02 9.983419913283851643e-02 1.190730891695149507e-01 1.393518048430852363e-01 1.602895520012641295e-01 1.814395222388118234e-01 2.022888282602188226e-01 2.222584946184708865e-01 2.407035227495800400e-01 2.569130495435659745e-01 2.701106164889267025e-01 2.824271670134635981e-01 2.976997025392247309e-01 3.153256991014015131e-01 3.354755377297342078e-01 3.584241812745705968e-01 3.845663889470846697e-01 4.144443894046897503e-01 4.487918172979039055e-01 4.886012253351741941e-01 5.352281585437971279e-01 5.905548915251205289e-01
3.959284438106676351e-02 6.080151611437545345e-02 8.212248667544261305e-02 1.000360201655284553e-01 1.193129122499717448e-01 1.396380954965643906e-01 1.606300492633811194e-01 1.818406988802271085e-01 2.027553521932837777e-01 2.227926902520739050e-01 2.413048307479864762e-01 2.575774831239112661e-01 2.708302121138549401e-01 2.831877756100304455e-01 2.985021521596949445e-01 3.161762888890350953e-01 3.363810322951599763e-01 3.593920907833257905e-01 3.856052910360672770e-01 4.155643263171714952e-01 4.500048119904815902e-01 4.899219801074881087e-01 5.366750348411741811e-01 5.921513319612375925e-01
3.968161274275414097e-02 6.093860533291876186e-02 8.230729450558624261e-02 1.002525052579542747e-01 1.195691496001594634e-01 1.399419129930222216e-01 1.609885252286709090e-01 1.822596617056370938e-01 2.032388811436980636e-01 2.233426162533820591e-01 2.419202356586845071e-01 2.582541956718894527e-01 2.715602984006170173e-01 2.839584987880287015e-01 2.993152418631099820e-01 3.170381297209673432e-01 3.372984802291205120e-01 3.603727570431988214e-01 3.866578683240982639e-01 4.166989912307058619e-01 4.512337479646543748e-01 4.912600852772100457e-01 5.381409147764146805e-01 5.937687404483025233e-01
3.977636921976096529e-02 6.108486707709593483e-02 8.250447377349162670e-02 1.004837145700406831e-01 1.198418964008803878e-01 1.402633944605462257e-01 1.613651649037721458e-01 1.826966481556202837e-01 2.037397077842589277e-01 2.239086211847680086e-01 2.425501400619660408e-01 2.589436389913004621e-01 2.723013682589532913e-01 2.847398583780360037e-01 3.001395227559570111e-01 3.179118062702046554e-01 3.382285043863157981e-01 3.613668462212452637e-01 3.877248361570422297e-01 4.178491555446698924e-01 4.524794609108664933e-01 4.926164509066446318e-01 5.396267953817215357e-01 5.954082170821060060e-01
3.987710252599194205e-02 6.124028539313183112e-02 8.271400600817686855e-02 1.007296469352840784e-01 1.201311773041695147e-01 1.406025985027300751e-01 1.617600681361369697e-01 1.831518053153832759e-01 2.042580306752584118e-01 2.244909571017568162e-01 2.431948488468491099e-01 2.596461669909330139e-01 2.730538171752769361e-01 2.855322761893135386e-01 3.009754404576670539e-01 3.187977914265863744e-01 3.391716086509337647e-01 3.623748973376536564e-01 3.888067734283826016e-01 4.190154435790157672e-01 4.537426272313515585e-01 4.939918136273465654e-01 5.411334837015079335e-01 5.970706523315414405e-01
3.998377677917877571e-02 6.140480647231202210e-02 8.293582152760960169e-02 1.009902397893865239e-01 1.204369463536958534e-01 1.409595051116901143e-01 1.621732495205557012e-01 1.836251898157648665e-01 2.047939541610503678e-01 2.250897794463717350e-01 2.438545691025676698e-01 2.603620355757144678e-01 2.738179431051249724e-01 2.863360739018479539e-01 3.018233349894681727e-01 3.196964461814058023e-01 3.401281778159553348e-01 3.633973221385621843e-01 3.899041224442471032e-01 4.201983324300051503e-01 4.550237638848192989e-01 4.953867364716415533e-01 5.426615966081490550e-01 5.987567268353098937e-01
4.009633146872516180e-02 6.157833860510531637e-02 8.316979938063241706e-02 1.012653691037402465e-01 1.207590869105780451e-01 1.413340155870012327e-01 1.626046383120458572e-01 1.841167677409837611e-01 2.053474882736642804e-01 2.257051469477491523e-01 2.445294100174607577e-01 2.610914025452838461e-01 2.745939463729480390e-01 2.871514729657627107e-01 3.026834406708265313e-01 3.206080195199106919e-01 3.410984774707032097e-01 3.644344049775663508e-01 3.910171887976545135e-01 4.213981518358024259e-01 4.563232282417524766e-01 4.968016087156571503e-01 5.442115606303221664e-01 6.004669112125157193e-01
4.021468142570643750e-02 6.176075213836475925e-02 8.341576729278883662e-02 1.015548493233834199e-01 1.210974115841896986e-01 1.417259524600887333e-01 1.630540783446060293e-01 1.846264145425999259e-01 2.059185486429143397e-01 2.263370215294522869e-01 2.452193827846785856e-01 2.618343274994055503e-01 2.753819295786605337e-01 2.879785945075172271e-01 3.035558860228785294e-01 3.215326483210603770e-01 3.420826538959839125e-01 3.654863027052268065e-01 3.921461412512550204e-01 4.226150840511447848e-01 4.576412179494786514e-01 4.982366457329571729e-01 5.457836117929434350e-01 6.022014658860583847e-01
4.033871679485793310e-02 6.195187943536903385e-02 8.367350161574875489e-02 1.018584333090817445e-01 1.214516621675694602e-01 1.421350594236537590e-01 1.635213279553824617e-01 1.851539149592086320e-01 2.065069564124990265e-01 2.269852682229643592e-01 2.459244005141764111e-01 2.625907717496933080e-01 2.761818975104273211e-01 2.888174592423686238e-01 3.044406936783110029e-01 3.224703572639796012e-01 3.430807339662344524e-01 3.665530445659601622e-01 3.932910116279056401e-01 4.238491637303881676e-01 4.589777708062599548e-01 4.996918888579588991e-01 5.473777954678016311e-01 6.039604409178249700e-01
4.046830300840035394e-02 6.215151483848750658e-02 8.394272728005763851e-02 1.021758122832194388e-01 1.218215095770815715e-01 1.425610012657463066e-01 1.640060599138294661e-01 1.856989629414266540e-01 2.071124381616321342e-01 2.276496550868857272e-01 2.466442781505137072e-01 2.633605982371587939e-01 2.769937570632072243e-01 2.896679873926126803e-01 3.053377802971926069e-01 3.234210587405903503e-01 3.440926250581332058e-01 3.676345321017421841e-01 3.944516947084762415e-01 4.251002778182816910e-01 4.603327646437021525e-01 5.011672052583759918e-01 5.489939662340632687e-01 6.057436758547766198e-01
4.060328076156340116e-02 6.235941463427092935e-02 8.422311775095850384e-02 1.025066157792118016e-01 1.222065537960063397e-01 1.430033638081331382e-01 1.645078613554890323e-01 1.862611615817697241e-01 2.077346258317843974e-01 2.283298531314028879e-01 2.473787323960179307e-01 2.641435714551415015e-01 2.778173171626143745e-01 2.905299986111650745e-01 3.062469564883045781e-01 3.243845527739526169e-01 3.451181149651837421e-01 3.687305390621047341e-01 3.956279481363347839e-01 4.263681654478809202e-01 4.617059172168520575e-01 5.026622878160000862e-01 5.506317877478970058e-01 6.075507995850959464e-01
4.074346598968114214e-02 6.257529702078572231e-02 8.451429498705613497e-02 1.028504115941750452e-01 1.226063238217644930e-01 1.434616538486388759e-01 1.650262337200392171e-01 1.868400230490532554e-01 2.083730566581534216e-01 2.290254362476323857e-01 2.481273816389081566e-01 2.649393573772172994e-01 2.786522886937005117e-01 2.914032119100812834e-01 3.071679267355565957e-01 3.253605269418848867e-01 3.461568718178215098e-01 3.698407113199534968e-01 3.968193923280116109e-01 4.276524178450670233e-01 4.630967861014040343e-01 5.041766550151944859e-01 5.522907326205330758e-01 6.093812302036406559e-01
4.088864984674255021e-02 6.279884207702647603e-02 8.481582940161355721e-02 1.032067057446116598e-01 1.230202776165067180e-01 1.439352991071648491e-01 1.655605926932967875e-01 1.874349685269801891e-01 2.090271731055076965e-01 2.297358811414774993e-01 2.488897458860111489e-01 2.657475233897120814e-01 2.794982844342869810e-01 2.922872455936473823e-01 3.081002893291077682e-01 3.263485563054700500e-01 3.472084440086317114e-01 3.709645667927718993e-01 3.980255103895782853e-01 4.289524782391727631e-01 4.645047685974836860e-01 5.057096508385253708e-01 5.539700823041254774e-01 6.112341748860071755e-01
4.103859868529134008e-02 6.302969173425443383e-02 8.512723982628718489e-02 1.035749424248910838e-01 1.234478020608208021e-01 1.444236481751158263e-01 1.661102681528820457e-01 1.880453281566092094e-01 2.096963228080862274e-01 2.304605672716655285e-01 2.496652466997310582e-01 2.665675382284852235e-01 2.803548189925166856e-01 2.931816171957039030e-01 3.090435363008484093e-01 3.273481033420871378e-01 3.482722601223019465e-01 3.721014953688137061e-01 3.992456480383236306e-01 4.302676417792710706e-01 4.659291016395271101e-01 5.072604446690005542e-01 5.556689269848429369e-01 6.131086297705721222e-01
4.119305403757676093e-02 6.326744974912171249e-02 8.544799347712427051e-02 1.039545039683212047e-01 1.238882129103300450e-01 1.449259704679864424e-01 1.666745041172797981e-01 1.886703409824189437e-01 2.103797585132556880e-01 2.311987767916610648e-01 2.504532071389630188e-01 2.673987719196678214e-01 2.812213087483140250e-01 2.940857434208952736e-01 3.099970533639219705e-01 3.283585178826381457e-01 3.493476288699631227e-01 3.732507588379213037e-01 4.004790135293364028e-01 4.315970554557084227e-01 4.673688617118059163e-01 5.088280311984374471e-01 5.573861654826609557e-01 6.150033798479240810e-01
4.135173259786616151e-02 6.351168167845366863e-02 8.577750592265921681e-02 1.043447108106251853e-01 1.243407547549739839e-01 1.454414561808796968e-01 1.672524586980518868e-01 1.893091549017106023e-01 2.110766380286554222e-01 2.319496944951758011e-01 2.512528517036657361e-01 2.682404957240732135e-01 2.820970717984729315e-01 2.949989400895605129e-01 3.109601198559965307e-01 3.293790370526679112e-01 3.504337390276031639e-01 3.744114908266342745e-01 4.017246775866430974e-01 4.329397180265059375e-01 4.688229647691943280e-01 5.104112303415146989e-01 5.591205051573715501e-01 6.169169988571575614e-01
4.151432620583647704e-02 6.376191485557131111e-02 8.611514105396045338e-02 1.047448214556525731e-01 1.248046009807820961e-01 1.459692162467489951e-01 1.678432040549760751e-01 1.899608266171099180e-01 2.117860241725814663e-01 2.327124077650177814e-01 2.520633062828322446e-01 2.690918820850153326e-01 2.829813279051130448e-01 2.959204220860051637e-01 3.119319086860177781e-01 3.304087852170964346e-01 3.515296593782595291e-01 3.755826967372816738e-01 4.029815733385727627e-01 4.342944799482789109e-01 4.702901661628010044e-01 5.120086871551010610e-01 5.608704618203613768e-01 6.188478491885325283e-01
4.168050183096937145e-02 6.401763836804558183e-02 8.646021105648968308e-02 1.051540324431663870e-01 1.252788537339625807e-01 1.465082822971715271e-01 1.684457263539056726e-01 1.906243215919503908e-01 2.125068847273806905e-01 2.334859065250454724e-01 2.528835981056191673e-01 2.699520045792964118e-01 2.838731984472661618e-01 2.968493033099157685e-01 3.129114862841969602e-01 3.314467739283114001e-01 3.526343386577274752e-01 3.767632536907771779e-01 4.042484962570511153e-01 4.356600433113573811e-01 4.717690605701211348e-01 5.136188717624899924e-01 5.626343596517573431e-01 6.207940817920554188e-01
4.184990155787943200e-02 6.427830303678346013e-02 8.681197638364769598e-02 1.055714783185619093e-01 1.257625438871461110e-01 1.470576066254752901e-01 1.690589257271584156e-01 1.912985140083356406e-01 2.132380923956443963e-01 2.342690831950074715e-01 2.537126556954118484e-01 2.708198378711390575e-01 2.847717063753736899e-01 2.977845966306956194e-01 3.138978125550070386e-01 3.324919018773815349e-01 3.537466055035315415e-01 3.779519104728543133e-01 4.055241041005478442e-01 4.370349617788094609e-01 4.732580819293939478e-01 5.152400792821922870e-01 5.644103311225545649e-01 6.227536360915562064e-01
4.202214257251173091e-02 6.454332139635424181e-02 8.716964573188974719e-02 1.059962316043838865e-01 1.262546310076349265e-01 1.476160621520581362e-01 1.696816162362609903e-01 1.919821867276953198e-01 2.139784247590068578e-01 2.350607326480693704e-01 2.545493088266235215e-01 2.716942576688618494e-01 2.856757761684924901e-01 2.987252138445206096e-01 3.148897408329783820e-01 3.335429548481780859e-01 3.548651684069406009e-01 3.791472874835080664e-01 4.068069168604234731e-01 4.384176405290988732e-01 4.747555033778692590e-01 5.168704297609738596e-01 5.661963169213892755e-01 6.247242399038928085e-01
4.214796995185716988e-02 6.473704097847383931e-02 8.743116976454960720e-02 1.063075183967981674e-01 1.266179152649360706e-01 1.480327316114329606e-01 1.701521128949241846e-01 1.925059093316903724e-01 2.145536321101083610e-01 2.356844470689717641e-01 2.552172188859325175e-01 2.724006190250518600e-01 2.864133091761479344e-01 2.994950751039845427e-01 3.157016634532849308e-01 3.344033304241756377e-01 3.557808569839681634e-01 3.801259016857634343e-01 4.078571480102339275e-01 4.395496606188812327e-01 4.759814871990172280e-01 5.182052614894532283e-01 5.676585809354639522e-01 6.263376586906814758e-01
4.227531444880053974e-02 6.493308027222528811e-02 8.769585493253212460e-02 1.066228809630835189e-01 1.269859479898380883e-01 1.484545497972221129e-01 1.706278730046140724e-01 1.930347288356541735e-01 2.151335101344189205e-01 2.363121852052827432e-01 2.558883412879173758e-01 2.731092906781353857e-01 2.871522510148601381e-01 3.002660338331795131e-01 3.165147332644021594e-01 3.352649125854072487e-01 3.566978217865708900e-01 3.811058729999785566e-01 4.089088298796582643e-01 4.406832398056891309e-01 4.772091560480912209e-01 5.195419255020127247e-01 5.691228509671912850e-01 6.279532908579108508e-01
4.240421106360134362e-02 6.513149347068089567e-02 8.796377520858188193e-02 1.069424136913656870e-01 1.273588472217666301e-01 1.488816613166318858e-01 1.711090701823979321e-01 1.935688496803149583e-01 2.157182951283536099e-01 2.369442153055325573e-01 2.565629752391195284e-01 2.738206005511306107e-01 2.878929546753954960e-01 3.010384625627148258e-01 3.173293433214695591e-01 3.361281179950403319e-01 3.576165063976976533e-01 3.820876756060095358e-01 4.099624714455953334e-01 4.418189267811204468e-01 4.784391042193728016e-01 5.208810688961649227e-01 5.705898359104172313e-01 6.295719185780457305e-01
4.253468828575492772e-02 6.533232474745540030e-02 8.823499096531488284e-02 1.072661941317975265e-01 1.277367110510005122e-01 1.493141879193861099e-01 1.715958525455748007e-01 1.941084484806065713e-01 2.163081935899625607e-01 2.375807742249643195e-01 2.572413873467512269e-01 2.745348431489116892e-01 2.886357392843579284e-01 3.018126988704854519e-01 3.181458498201827911e-01 3.369933242597166201e-01 3.585373128350998195e-01 3.830717392641051489e-01 4.110185340162347822e-01 4.429572188570621849e-01 4.796718703636240200e-01 5.222232781863055395e-01 5.720601782925205381e-01 6.311942507967582827e-01
4.266676808736807880e-02 6.553560824726138712e-02 8.850954896325707866e-02 1.075942829826813940e-01 1.281196176029426592e-01 1.497522284802274006e-01 1.720883426925105819e-01 1.946536740049758796e-01 2.169033821968928688e-01 2.382220674023872442e-01 2.579238115947405374e-01 2.752522795338112060e-01 2.893808900797813499e-01 3.025890453570778127e-01 3.189645720714774368e-01 3.378608699032771834e-01 3.594606015238483443e-01 3.840584492859503984e-01 4.120774312003281370e-01 4.440985619328505773e-01 4.809079374527339135e-01 5.235690792653610037e-01 5.735344542324740669e-01 6.328209231866528395e-01
4.280046591690502694e-02 6.574136807699330898e-02 8.878748233955299773e-02 1.079267240773695985e-01 1.285076250232738970e-01 1.501958589823999268e-01 1.725866376845489047e-01 1.952046471558519236e-01 2.175040077855882881e-01 2.388682688383300112e-01 2.586104493211202615e-01 2.759731373025924306e-01 2.901286583880943182e-01 3.033677696225579590e-01 3.197857924776363880e-01 3.387310543419636555e-01 3.603866912703965197e-01 3.850481465073383180e-01 4.131395288781892772e-01 4.452433504642757667e-01 4.821477327463511431e-01 5.249189373685957394e-01 5.750131734012637885e-01 6.344524981035942757e-01
4.293579069327976838e-02 6.594961829730570935e-02 8.906881059730048511e-02 1.082635443718912988e-01 1.289007714639304469e-01 1.506451325020497223e-01 1.730908090289270951e-01 1.957614609512005333e-01 2.181101873316447504e-01 2.395195210744092973e-01 2.593014691966766816e-01 2.766976105647029338e-01 2.908792616023664901e-01 3.041491042445523818e-01 3.206097565097277835e-01 3.396041378610016315e-01 3.613158592380878997e-01 3.860411272623643364e-01 4.142051451743100632e-01 4.463919274343156052e-01 4.833916277603766409e-01 5.262732570394332843e-01 5.764967789845123480e-01 6.360894645454667762e-01
4.307274480027266372e-02 6.616036291465419994e-02 8.935353959547207015e-02 1.086047539332610501e-01 1.292990750698539970e-01 1.511000791934844489e-01 1.736009026626335328e-01 1.963241805070956858e-01 2.187220079312498788e-01 2.401759351738356196e-01 2.599970072047739222e-01 2.774258599217284127e-01 2.916328831617548412e-01 3.049332467575376349e-01 3.214366726862878387e-01 3.404803415924755883e-01 3.622483409240158103e-01 3.870376433590450582e-01 4.152745504314873659e-01 4.475445843254827194e-01 4.846399382371956999e-01 5.276323820971676737e-01 5.779856476471674220e-01 6.377322381132134455e-01
4.321132408125090418e-02 6.637359587376986947e-02 8.964166153938542270e-02 1.089503459284240083e-01 1.297025339664640287e-01 1.515607062752369338e-01 1.741169389371459431e-01 1.968928430212422975e-01 2.193395267836346640e-01 2.408375907029840224e-01 2.606971666222817063e-01 2.781580124479686167e-01 2.923896725320752066e-01 3.057203596332634388e-01 3.222667125531696874e-01 3.413598474944150585e-01 3.631843301371485699e-01 3.880379020562712000e-01 4.163479671863667408e-01 4.487015610936881949e-01 4.858929241175393710e-01 5.289965956064387465e-01 5.794800895001227525e-01 6.393811609740055468e-01
4.335151783417352106e-02 6.658930105053960380e-02 8.993315497168843931e-02 1.093002966137989473e-01 1.301111262478076014e-01 1.520269980168828250e-01 1.746389126039952500e-01 1.974674577573905521e-01 2.199627711744767122e-01 2.415045357139626869e-01 2.614020180015358408e-01 2.788941616720656547e-01 2.931497451874238713e-01 3.065105702622357708e-01 3.231000106644846825e-01 3.422427983310133981e-01 3.641239789776413716e-01 3.890420660420099153e-01 4.174255701463111534e-01 4.498630461435191297e-01 4.871507895138705302e-01 5.303661198483644590e-01 5.809803480686477339e-01 6.410365018264102543e-01
4.349330880686343853e-02 6.680745224526754567e-02 9.022798476382692945e-02 1.096545653253813424e-01 1.305248099653443239e-01 1.524989157265650985e-01 1.751667928011041708e-01 1.980480060305864487e-01 2.205917384601919495e-01 2.421767867281164055e-01 2.621115991532661504e-01 2.796343675596185130e-01 2.939131825927879249e-01 3.073039709361945482e-01 3.239366645645664899e-01 3.431292976539100925e-01 3.650673978172582768e-01 3.900502534126780163e-01 4.185074861675127655e-01 4.510291763048461244e-01 4.884136826852014668e-01 5.317411162932237367e-01 5.824866002625145311e-01 6.426984558674282422e-01
4.363667319253000665e-02 6.702801317629354660e-02 9.052610210796499524e-02 1.100130944693714641e-01 1.309435231173264325e-01 1.529763977391805918e-01 1.757005230398507589e-01 1.986344411932063347e-01 2.212263960530633233e-01 2.428543287204083245e-01 2.628259151304333519e-01 2.803786564967224448e-01 2.946800321875803763e-01 3.081006188315243421e-01 3.247767347708964691e-01 3.440194097844685439e-01 3.660146552808380416e-01 3.910625376536139841e-01 4.195937942342710669e-01 4.522000368106763868e-01 4.896816960132515661e-01 5.331216855745952721e-01 5.839989563477161472e-01 6.443671447612892011e-01
4.378158062552669344e-02 6.725093747394748911e-02 9.082744450933051550e-02 1.103758095132963551e-01 1.313671836387390046e-01 1.534593594051899268e-01 1.762400211928148164e-01 1.992266886217274879e-01 2.218666814071525994e-01 2.435371151046245852e-01 2.635449382129184115e-01 2.811270212743774977e-01 2.954503073700440741e-01 3.089005359935409478e-01 3.256202447579295556e-01 3.449131597969912755e-01 3.669657782287383263e-01 3.920789476205813195e-01 4.206845254393644651e-01 4.533756612761772331e-01 4.909548659798655956e-01 5.345078674648601202e-01 5.855174599196786289e-01 6.460426166098942602e-01
4.392799417732980855e-02 6.747616867481824598e-02 9.113193577895969955e-02 1.107426189775947561e-01 1.317956893917644756e-01 1.539476930800111054e-01 1.767851794821637679e-01 1.998246457041899793e-01 2.225125020049482649e-01 2.442250677193521513e-01 2.642686078930115978e-01 2.818794210737108896e-01 2.962239874824714736e-01 3.097037093215986303e-01 3.264671809417670212e-01 3.458105335028116567e-01 3.679207517401976157e-01 3.930994675222393986e-01 4.217796629654504414e-01 4.545560316787963795e-01 4.922331731456117687e-01 5.358996408519892674e-01 5.870420878778748186e-01 6.477248459248059476e-01
4.407587035272470671e-02 6.770364021631922191e-02 9.143948602681688242e-02 1.111134144276371832e-01 1.322289181567408989e-01 1.544412681139621379e-01 1.773358644686399421e-01 2.004281818283080718e-01 2.231637353447060435e-01 2.449180768146840270e-01 2.649968308616546531e-01 2.826357814519671052e-01 2.970010177971909027e-01 3.105100905549716961e-01 3.273174926656237660e-01 3.467114774352115791e-01 3.688795190975621141e-01 3.941240369035247659e-01 4.228791420674286039e-01 4.557410783394142961e-01 4.935165421294934740e-01 5.372969237175343471e-01 5.885727504017552736e-01 6.494137336006919892e-01
4.422515908618735586e-02 6.793327543153192261e-02 9.174999165526712130e-02 1.114880704661558586e-01 1.326667276235846959e-01 1.549399308427207578e-01 1.778919170411136785e-01 2.010371383701919923e-01 2.238202289284390023e-01 2.456160010396068460e-01 2.657294809953890113e-01 2.833959943292166939e-01 2.977813095032730284e-01 3.113195962594603183e-01 3.281710921860431229e-01 3.476158988351155110e-01 3.698419817713218261e-01 3.951525506298856905e-01 4.239828500557140112e-01 4.569306799044660639e-01 4.948048415897016716e-01 5.386995731157501188e-01 5.901092909279187504e-01 6.511091068901340151e-01
4.437580373844961235e-02 6.816498754431191132e-02 9.206333535288041547e-02 1.118664447260591666e-01 1.331089553836490580e-01 1.554435045782685543e-01 1.784531524066678976e-01 2.016513286836445207e-01 2.244818002505195864e-01 2.463186674300314183e-01 2.664663993439698730e-01 2.841599179757435811e-01 2.985647396939149489e-01 3.121321078146803152e-01 3.290278546598149889e-01 3.485236656375129138e-01 3.708079994059120255e-01 3.961848588723227982e-01 4.250906262803612057e-01 4.581246633289760006e-01 4.960978842053509474e-01 5.401073851537829817e-01 5.916514861284464244e-01 6.528107193797237917e-01
4.452774109323742041e-02 6.839867966464101279e-02 9.237938608854859290e-02 1.122483778636088891e-01 1.335554189219940457e-01 1.559517896002936277e-01 1.790193600811842145e-01 2.022705380899975924e-01 2.251482367868578027e-01 2.470258713974284037e-01 2.672073941186058899e-01 2.849273770000694816e-01 2.993511513544628300e-01 3.129474714019955806e-01 3.298876181315551492e-01 3.494346064585687195e-01 3.717773898062314286e-01 3.972207670931856560e-01 4.262022621159934910e-01 4.593228038604498797e-01 4.973954266591408269e-01 5.415200949728629087e-01 5.931990458903332319e-01 6.545182509673671545e-01
4.468090135417190217e-02 6.863424478421220609e-02 9.269799910589626712e-02 1.126336935519389182e-01 1.340059156100429361e-01 1.564645631480225951e-01 1.795903038803992879e-01 2.028945238684586871e-01 2.258192959846212211e-01 2.477373767180323094e-01 2.679522406807882673e-01 2.856981623375782764e-01 3.001403533510341726e-01 3.137654979930553090e-01 3.307501835219079922e-01 3.503485105833797353e-01 3.727499289248381031e-01 3.982600360326815636e-01 4.273175009474864394e-01 4.605248250235758900e-01 4.986971696208839511e-01 5.429373767304364051e-01 5.947516132959497215e-01 6.562313078407271405e-01
4.483520814182394981e-02 6.887156577223287057e-02 9.301901591796889190e-02 1.130221984748951136e-01 1.344602226986033600e-01 1.569815794124587438e-01 1.801657219114064790e-01 2.035230152469361675e-01 2.264947052524657889e-01 2.484529155225834174e-01 2.687006815316753672e-01 2.864720312397064927e-01 3.009321204197067945e-01 3.145859633389013199e-01 3.316153146163354770e-01 3.512651279543392291e-01 3.737253508497801469e-01 3.993023816960565853e-01 4.284360381563653841e-01 4.617303986056859322e-01 5.000027577318566507e-01 5.443588435831910877e-01 5.963087646044779033e-01 6.579494224567405958e-01
4.499057849091355615e-02 6.911051537143475532e-02 9.334226430218228732e-02 1.134136823211786549e-01 1.349180973112321102e-01 1.575025695290021288e-01 1.807453265645754814e-01 2.041557133933169510e-01 2.271741619512482602e-01 2.491721882865741422e-01 2.694524263019998367e-01 2.872487072636665251e-01 3.017261931562393307e-01 3.154086079596129522e-01 3.324827380544591038e-01 3.521841691600774982e-01 3.747033477930294953e-01 4.003474753414070220e-01 4.295575211078727640e-01 4.629391446429351187e-01 5.013117795899199036e-01 5.457840476709169275e-01 5.978700092342620342e-01 6.596720535221444193e-01
4.514692284764554309e-02 6.935095619427830704e-02 9.366755829551837165e-02 1.138079177787752611e-01 1.353792764379237457e-01 1.580272415704304378e-01 1.813288045058669973e-01 2.047922914071704237e-01 2.278573333851922622e-01 2.498948638209729789e-01 2.702071517424705083e-01 2.880278802626722867e-01 3.025222780062967742e-01 3.162331371344584974e-01 3.333521433199244655e-01 3.531053054249420065e-01 3.756835700794794453e-01 4.013949434680904038e-01 4.306815491386694617e-01 4.641506314071579542e-01 5.026237677353700972e-01 5.472124801011564177e-01 5.994347897460238217e-01 6.613985859749550444e-01
4.530414506717427015e-02 6.959274071934078154e-02 9.399469818995370707e-02 1.142046605296541673e-01 1.358434769291052557e-01 1.585552805402198895e-01 1.819158166695198642e-01 2.054323943118544216e-01 2.285438567934832688e-01 2.506205792633979246e-01 2.709645017146385393e-01 2.888092063766392048e-01 3.033200472561481953e-01 3.170592208925241962e-01 3.342231827307560188e-01 3.540281685989883909e-01 3.766656261364776381e-01 4.024443678056962570e-01 4.318076735451325532e-01 4.653643753933617289e-01 5.039381986374750211e-01 5.486435709346021428e-01 6.010024818268916436e-01 6.631283309668490888e-01
4.546214241118974597e-02 6.983571128787766091e-02 9.432347052810759191e-02 1.146036492447218280e-01 1.363103954899189396e-01 1.590863483661872080e-01 1.825059982510899292e-01 2.060756390470014077e-01 2.292333393422674170e-01 2.513489400697148657e-01 2.717240871822040882e-01 2.895923080233320235e-01 3.041191390238138781e-01 3.178864940037949838e-01 3.350954714301780935e-01 3.549523511484548033e-01 3.776490824838631410e-01 4.034952853035507769e-01 4.329353975722176617e-01 4.665798413078233176e-01 5.052544926816615600e-01 5.500766891711968976e-01 6.025723942752022610e-01 6.648605258463905487e-01
4.562080554561881440e-02 7.007970010054774546e-02 9.465364809909709853e-02 1.150046055790161503e-01 1.367797086747786495e-01 1.596200838944350775e-01 1.830989587008212405e-01 2.067216144613625850e-01 2.299253581170323801e-01 2.520795200060367280e-01 2.724854862027377700e-01 2.903767738899352135e-01 3.049191572506346759e-01 3.187145559706613951e-01 3.359685873778733844e-01 3.558774061466893901e-01 3.786334637244790913e-01 4.045471881207205467e-01 4.340641764028522198e-01 4.677964420567550796e-01 5.065720141573117896e-01 5.515111427368973862e-01 6.041437689860246207e-01 6.665943341430612401e-01
4.578001853843476077e-02 7.032452921429309389e-02 9.498498993458863449e-02 1.154072341671278784e-01 1.372510728821826065e-01 1.601561028835837563e-01 1.836942817173303766e-01 2.073698813059909607e-01 2.306194601153491175e-01 2.528118611411019900e-01 2.732482439197937429e-01 2.911621589250219522e-01 3.057196716932401026e-01 3.195429710198280371e-01 3.368420713416552803e-01 3.568028472655095373e-01 3.796182525351347037e-01 4.055995236164915974e-01 4.351934171478334390e-01 4.690135387355056640e-01 5.078900712461403844e-01 5.529461784710666405e-01 6.057157809373723278e-01 6.683288455520464133e-01
4.593965885756960688e-02 7.057001053936519386e-02 9.531724130503421710e-02 1.158112226188370841e-01 1.377241243497704659e-01 1.606939979992736689e-01 1.842915252415879279e-01 2.080199722277448482e-01 2.313151622399544360e-01 2.535454738390106044e-01 2.740118725553940537e-01 2.919479843309022993e-01 3.065202179158953988e-01 3.203712680946033675e-01 3.377154268895332656e-01 3.577281487669664584e-01 3.806028896579937704e-01 4.066516943412958329e-01 4.363224788361984019e-01 4.702304406182730712e-01 5.092079160111179226e-01 5.543809821144582983e-01 6.072875381770654890e-01 6.700630759197389041e-01
4.609959736892347421e-02 7.081594583648960495e-02 9.565013371608339920e-02 1.162162415149526479e-01 1.381984791496103371e-01 1.612333388089246256e-01 1.848902214511805864e-01 2.086713917630940995e-01 2.320119512921562099e-01 2.542798367522994263e-01 2.747758514028637578e-01 2.927337375563265343e-01 3.073202972832047575e-01 3.211989408475489083e-01 3.385881203821476948e-01 3.586527454954939187e-01 3.815867738923634511e-01 4.077030580280618377e-01 4.374506724060480689e-01 4.714464051482933904e-01 5.105247443859111112e-01 5.558146782977634315e-01 6.088580818102035108e-01 6.717959672299173013e-01
4.625969833446579721e-02 7.106212671416117788e-02 9.598338490516035437e-02 1.166219444033442104e-01 1.386737331837038234e-01 1.617736717767366827e-01 1.854898767548381622e-01 2.093236163322128585e-01 2.327092839655436896e-01 2.550143968153376073e-01 2.755396268199960530e-01 2.935188722895269442e-01 3.081193769531521132e-01 3.220254476334690752e-01 3.394595809655543972e-01 3.595760328704224462e-01 3.825692620868648142e-01 4.087529275839643650e-01 4.385772606957920039e-01 4.726606379284873927e-01 5.118396961648123966e-01 5.572463305306866177e-01 6.104263859872208764e-01 6.735263875905662667e-01
4.641981941042346016e-02 7.130833462606370188e-02 9.631669883819873879e-02 1.170279677951559794e-01 1.391494621796970088e-01 1.623145202589207081e-01 1.860899717872120385e-01 2.099760942333431801e-01 2.334065868399864963e-01 2.557485692380252473e-01 2.763026122225336612e-01 2.943028084515798559e-01 3.089168898704627297e-01 3.228502115027228614e-01 3.403292005643421270e-01 3.604973668788347685e-01 3.835496691319618678e-01 4.098005710825549652e-01 4.397014584357981093e-01 4.738722927125352258e-01 5.131518549931329831e-01 5.586749411915237218e-01 6.119913578924889297e-01 6.752531312213012615e-01
4.657981164555136805e-02 7.155434086860645859e-02 9.664976570652400456e-02 1.174339311611927172e-01 1.396252216867871765e-01 1.628553844991464106e-01 1.866899614038914079e-01 2.106282456374161949e-01 2.341032563759072871e-01 2.564817374997793720e-01 2.770641880779450283e-01 2.950849321900692046e-01 3.097122347602664916e-01 3.236726201948403325e-01 3.411963338750629293e-01 3.614160640687492654e-01 3.845272679528328741e-01 4.108452117562510497e-01 4.408224322404227791e-01 4.750804713963591164e-01 5.144602483580328345e-01 5.600994515172175170e-01 6.135518377334415741e-01 6.769749184413684784e-01
4.673951947948088576e-02 7.179990657857221459e-02 9.698226192387757183e-02 1.178394369284692794e-01 1.401005470718138246e-01 1.633957416241954563e-01 1.872892746766448846e-01 2.112794625829154116e-01 2.347986589088130183e-01 2.572132533437921365e-01 2.778237018994837992e-01 2.958645958730369285e-01 3.105047761220477431e-01 3.244920261324281685e-01 3.420602983599596025e-01 3.623314015426110646e-01 3.855012895025621833e-01 4.118860279891635723e-01 4.419393006004009861e-01 4.762842240099907087e-01 5.157638475797667876e-01 5.615187415938602822e-01 6.151065987301879145e-01 6.786903956581860076e-01
4.689878074114250256e-02 7.204478273087054629e-02 9.731385012357368636e-02 1.182440704769149725e-01 1.405749535155257635e-01 1.639350456398104561e-01 1.878873148888759170e-01 2.119291089709716969e-01 2.354921306440721784e-01 2.579424367715462130e-01 2.785804682405140231e-01 2.966411180832060346e-01 3.112938442238681880e-01 3.253077464153496523e-01 3.429203742409764333e-01 3.632426169510751812e-01 3.864709227556407667e-01 4.129221533102496733e-01 4.430511338755792061e-01 4.774825487098053323e-01 5.170615678033239071e-01 5.629316303476260552e-01 6.166543471055982994e-01 6.803981353564027001e-01
4.705742664725826030e-02 7.228871013639105725e-02 9.764417915578313401e-02 1.186474001362238934e-01 1.410479360090140521e-01 1.644727274267281936e-01 1.884834595312798733e-01 2.125765205606761077e-01 2.361829776519244195e-01 2.586685760375751486e-01 2.793337686890887683e-01 2.974137836124601808e-01 3.120787350968461382e-01 3.261190628151630633e-01 3.437758044940355528e-01 3.641489084870689896e-01 3.874353147017544630e-01 4.139526763867681369e-01 4.441569542879726384e-01 4.786743917711017704e-01 5.183522679904404296e-01 5.643368755361060085e-01 6.181937220758271234e-01 6.820966360874429757e-01
4.721528180090101001e-02 7.253141943995139451e-02 9.797288408493672052e-02 1.190489771828456000e-01 1.415189693503025314e-01 1.650081947368884638e-01 1.890770602976940273e-01 2.132210049646001693e-01 2.368704758627112328e-01 2.593909276444554823e-01 2.800828518627685448e-01 2.981818434565678411e-01 3.128587105298804016e-01 3.269252217698069285e-01 3.446257948435674234e-01 3.650494348801145983e-01 3.883935703398478378e-01 4.149766410180268927e-01 4.452557359151297356e-01 4.798586475810107665e-01 5.196347509119642050e-01 5.657331737400278504e-01 6.197232958412580706e-01 6.837843224595153702e-01
4.737216419011662516e-02 7.277263111833524867e-02 9.829958618724282671e-02 1.194483358371065396e-01 1.419875081410880702e-01 1.655408321898093338e-01 1.896674430811292611e-01 2.138618416445128567e-01 2.375538710623156524e-01 2.601087163380182421e-01 2.808269334036670450e-01 2.989445148101382288e-01 3.136329980646062054e-01 3.277254343785186430e-01 3.454695137572808550e-01 3.659433153909030789e-01 3.893447526724495567e-01 4.159930461294029658e-01 4.463464046837871679e-01 4.810341586317145590e-01 5.209077631405583109e-01 5.671191603553389360e-01 6.212415735778462622e-01 6.854595451280597329e-01
4.752788518660620853e-02 7.301205547841561894e-02 9.862389294831286346e-02 1.198449932604579160e-01 1.424529867836229202e-01 1.660700012691202210e-01 1.902539079699748226e-01 2.144982819072840940e-01 2.382323788878008552e-01 2.608211351027700520e-01 2.815651959737130450e-01 2.997009810617973224e-01 3.144007909905711107e-01 3.285188763969748016e-01 3.463060924411626718e-01 3.668296298061036187e-01 3.902878827002449480e-01 4.170008457666254942e-01 4.474278383638035650e-01 4.821997155139639002e-01 5.221699950437195259e-01 5.684934095856345460e-01 6.227469934288395459e-01 6.871205807866130888e-01
4.768224954446513564e-02 7.324939265535934663e-02 9.894539806088935296e-02 1.202384495528418112e-01 1.429148194777317693e-01 1.665950403192449358e-01 1.908357292443671194e-01 2.151295489009659445e-01 2.389051848232380260e-01 2.615273451575116370e-01 2.822967892501176967e-01 3.004503917895725573e-01 3.151612483406192600e-01 3.293046882326418068e-01 3.471346248346924290e-01 3.677074184333997686e-01 3.912219394168826025e-01 4.179989490903049942e-01 4.484988665623547699e-01 4.833540569108744633e-01 5.234200807771012265e-01 5.698544344349165680e-01 6.242379264968567210e-01 6.887656321580686303e-01
4.783505539897628389e-02 7.348433261090844826e-02 9.926368142267180672e-02 1.206281877501707706e-01 1.433724002179568857e-01 1.671152645422276373e-01 1.914121553727148872e-01 2.157548376110419996e-01 2.395714441957128016e-01 2.622264759511452881e-01 2.830208299210363321e-01 3.011918627564760809e-01 3.159134948864752435e-01 3.300819749403270942e-01 3.479541676062637978e-01 3.685756820967370229e-01 3.921458598040066246e-01 4.189862203706986588e-01 4.495582707183792270e-01 4.844958695919908687e-01 5.246565982781233872e-01 5.712006867006593769e-01 6.257126768363077129e-01 6.903928279863125184e-01
4.798609426545449169e-02 7.371655513173490382e-02 9.957830913423483532e-02 1.210136738219146912e-01 1.438251027908250823e-01 1.676299659946934861e-01 1.919824090083723789e-01 2.163733148568363629e-01 2.402302821715024406e-01 2.629176251586607949e-01 2.837364016814156176e-01 3.019244759062764127e-01 3.166566211345150927e-01 3.308498062179185961e-01 3.487637401488013489e-01 3.694333821317740685e-01 3.930585388264991598e-01 4.199614789826996430e-01 4.506047840972610130e-01 4.856237884076041178e-01 5.258780692598552520e-01 5.725305569671765848e-01 6.271694814461379330e-01 6.920002230282181754e-01
4.813515103814006851e-02 7.394572982786484783e-02 9.988883349703467363e-02 1.213943566687900599e-01 1.442722807722304768e-01 1.681384135849384176e-01 1.925456869864531351e-01 2.169841192880753167e-01 2.408807937524151677e-01 2.635998586772916874e-01 2.844425552290161252e-01 3.026472793594495170e-01 3.173896833217175750e-01 3.316072164023074476e-01 3.495623245755628550e-01 3.702794403815276580e-01 3.939588294279253722e-01 4.209234994010370157e-01 4.516370917857370215e-01 4.867363962833096691e-01 5.270829592051567980e-01 5.738423745992657921e-01 6.286065102628785040e-01 6.935857980459780858e-01
4.828200398913849722e-02 7.417151613116902686e-02 1.001947930114991947e-01 1.217696681205457793e-01 1.447132675249269695e-01 1.686398530701412601e-01 1.931011603207785365e-01 2.175863613815934849e-01 2.415220437722832292e-01 2.642722106228330148e-01 2.851383082606037123e-01 3.033592874092999048e-01 3.181117034117853515e-01 3.323532044654796680e-01 3.503488657161184516e-01 3.711127391921996699e-01 3.948455425261699903e-01 4.218710111956798237e-01 4.526538306870201978e-01 4.878322242147949406e-01 5.282696773610684460e-01 5.751344077361217888e-01 6.300218661539906950e-01 6.951474597997603366e-01
4.842642476740464941e-02 7.439356329391619282e-02 1.004957123751980819e-01 1.221390229338422811e-01 1.451473761961258047e-01 1.691335070536922336e-01 1.936479742009530880e-01 2.181791234381774414e-01 2.421530668936022479e-01 2.649336833261136670e-01 2.858226454682982198e-01 3.040594805182443294e-01 3.188216690914288942e-01 3.330867340107735441e-01 3.511222711124984963e-01 3.719321214091795835e-01 3.957174470092569285e-01 4.228026990274328933e-01 4.536535895161259435e-01 4.889097512628452491e-01 5.294365767334341388e-01 5.764048632855056642e-01 6.314135849114890231e-01 6.966830410406726903e-01
4.856817839776884915e-02 7.461151038738661478e-02 1.007911024810883155e-01 1.225018187902178063e-01 1.455738997151925784e-01 1.696185749826324418e-01 1.941852479895616046e-01 2.187614595795406292e-01 2.427728676043112710e-01 2.655832473296140805e-01 2.864945185360753266e-01 3.047468053142496358e-01 3.195185337668040582e-01 3.338067332692903344e-01 3.518814110155001340e-01 3.727363903732124895e-01 3.965732697313414934e-01 4.237172026437140970e-01 4.546349087953923118e-01 4.899674045485564178e-01 5.305819540817475755e-01 5.776518869181545002e-01 6.327796352458279205e-01 6.981903005040167587e-01
4.870702328000303671e-02 7.482498630054229549e-02 1.010804604158322961e-01 1.228574362941387832e-01 1.459921107914392002e-01 1.700942331451984757e-01 1.947120752194813342e-01 2.193323957454223760e-01 2.433804202147034912e-01 2.662198413842237210e-01 2.871528461364110107e-01 3.054201745874169927e-01 3.202012165600965354e-01 3.345120950964548534e-01 3.526251183811476841e-01 3.735243099167251946e-01 3.974116955088683456e-01 4.246131168745085338e-01 4.555962808501864414e-01 4.910035592487455580e-01 5.317040499142130505e-01 5.788735630624222139e-01 6.341179187800414230e-01 6.996669229028225079e-01
4.884271118792521404e-02 7.503360973875189410e-02 1.013632694581844129e-01 1.232052389711299212e-01 1.464012619120060310e-01 1.705596346684679077e-01 1.952275235913046580e-01 2.198909296908063415e-01 2.439746688544655595e-01 2.668423724461322921e-01 2.877965139270656780e-01 3.060784672867067346e-01 3.208686023062469195e-01 3.352016769687153341e-01 3.533521888672968569e-01 3.742946043603030404e-01 3.982313671168881131e-01 4.254889916284853024e-01 4.565361498047839639e-01 4.920165385915488687e-01 5.328010484830052462e-01 5.800679148991402245e-01 6.354262700441221101e-01 7.011105189216457756e-01
4.897498726854002810e-02 7.523698922256712163e-02 1.016389990774434343e-01 1.235445732659802565e-01 1.468005853398300919e-01 1.710139095161000433e-01 1.957306349708659576e-01 2.204360309832513187e-01 2.445545274698351645e-01 2.674497156738454562e-01 2.884243745479961873e-01 3.067205285167957651e-01 3.215195415498079967e-01 3.358743009803787372e-01 3.540613808303776366e-01 3.750459585093096071e-01 3.990308852855216082e-01 4.263433318892748125e-01 4.574529115784200517e-01 4.930046138521996801e-01 5.338710777797256446e-01 5.812329043566869524e-01 6.367024564696307509e-01 7.025186252106210283e-01
4.910359004121411103e-02 7.543472308654879110e-02 1.019071049319670713e-01 1.238747685410215155e-01 1.471892931116955683e-01 1.714561644861683498e-01 1.962204253868689019e-01 2.209666410003304216e-01 2.451188798208758790e-01 2.680407144253230678e-01 2.890352476183954411e-01 3.073451695350625235e-01 3.221528505419298805e-01 3.365287538405735135e-01 3.547514153222682820e-01 3.757770176506438631e-01 3.998088086965679300e-01 4.271745977118956983e-01 4.583449138814967849e-01 4.939660043489770835e-01 5.349122095310399061e-01 5.823664321062566041e-01 6.379441783845214431e-01 7.038887043797507070e-01
4.922825139688449814e-02 7.562639947813951102e-02 1.021670288677462984e-01 1.241951370744755062e-01 1.475665770363620288e-01 1.718854832090793983e-01 1.966958850286083804e-01 2.214816729271727458e-01 2.456665794788585877e-01 2.686141802552302060e-01 2.896279197338481048e-01 3.079511677486920784e-01 3.227673112374654929e-01 3.371637868703337704e-01 3.554209760872963919e-01 3.764863875496264889e-01 4.005636539802497897e-01 4.279812042193238408e-01 4.592104562119438960e-01 4.948988774393157652e-01 5.359224591944916627e-01 5.834663375573183597e-01 6.391490690081758075e-01 7.052181449934280533e-01
4.934869659729839569e-02 7.581159635658159257e-02 1.024181989170361851e-01 1.245049740588674708e-01 1.479316086927675855e-01 1.723009261455750174e-01 1.971559782437837527e-01 2.219800117541027018e-01 2.461964498237496912e-01 2.691688929123003393e-01 2.902011444636022341e-01 3.085372667118976286e-01 3.233616712921917324e-01 3.377781159998006211e-01 3.560687095593565443e-01 3.771726344470105463e-01 4.012938957120872341e-01 4.287615215992010009e-01 4.600477898517255637e-01 4.958013485160727707e-01 5.368997859544827334e-01 5.845303988532559725e-01 6.403146944466351353e-01 7.065042615651742075e-01
