7.573765185626522844e-02 8.700893161554033861e-02 9.864196253065195263e-02 1.106250876804596717e-01 1.229464817057237397e-01 1.309201093960981332e-01 1.411417304399713579e-01 1.536984892532685387e-01 1.687723610607322344e-01 1.862269852886491439e-01 2.075843219325810840e-01 2.344606199549918168e-01 2.677834671100322583e-01 3.056746714852263680e-01 3.464898937673773771e-01 3.902454796652262692e-01 4.369463931522372113e-01 4.865864543469614611e-01 5.391482619190574033e-01 5.946031138765389690e-01 6.529114920481006168e-01 7.140224723700343556e-01 7.778734836618745874e-01 8.443914662037039776e-01
7.587031542094752057e-02 8.712201960570035986e-02 9.872861863190915410e-02 1.106788111241926026e-01 1.229611785752838388e-01 1.309504159505164578e-01 1.411908253540842539e-01 1.537782865246629938e-01 1.688682627925637003e-01 1.863507507605555169e-01 2.077473265422017656e-01 2.346169799811169965e-01 2.680025694131571989e-01 3.060017335015395856e-01 3.469516973963920892e-01 3.908725808316529937e-01 4.377736620027750103e-01 4.876532515352542396e-01 5.404990043529266375e-01 5.962872966965837573e-01 6.549846773166527747e-01 7.165461088552206315e-01 7.809156825578283945e-01 8.480274286514531967e-01
7.783515033826834961e-02 8.893365885184048580e-02 1.003061393787342687e-01 1.119436473136002780e-01 1.238370563189045703e-01 1.315191914450874466e-01 1.419099239345189556e-01 1.546394083201279857e-01 1.698719315045479350e-01 1.875239493111463540e-01 2.091348137484397018e-01 2.362410451793577337e-01 2.699099932397043267e-01 3.083964899234709067e-01 3.499229908324696936e-01 3.945206532718932846e-01 4.422105069602925154e-01 4.930036590912079686e-01 5.469010912447945794e-01 6.038940065698196191e-01 6.639643997191436720e-01 7.270838252410699587e-01 7.932144827283451605e-01 8.623090613530985937e-01
7.948174270152047471e-02 9.049551973210812061e-02 1.017251692205659586e-01 1.131635752251111543e-01 1.248036732664100923e-01 1.324166859991740552e-01 1.430448807796922961e-01 1.559988428084660705e-01 1.714674818922319044e-01 1.893682979404884559e-01 2.113052025762355290e-01 2.387740149563726544e-01 2.728723529267772507e-01 3.121010899258248594e-01 3.545031775687615405e-01 4.001257633472075081e-01 4.490069167424774466e-01 5.011760331567989279e-01 5.566537254073140595e-01 6.154520043906138715e-01 6.775748920151232202e-01 7.430176017650482745e-01 8.117673892345660391e-01 8.838037008041290665e-01
7.883360166133840385e-02 9.003428268075112928e-02 1.015093347563590237e-01 1.132512575105113356e-01 1.252527622878914504e-01 1.335751722188719126e-01 1.444974861804672328e-01 1.577376385612709320e-01 1.734910866534834784e-01 1.917756573406008413e-01 2.141277702696098295e-01 2.420405211567870918e-01 2.767043601301042988e-01 3.168614835554542930e-01 3.603534800325206011e-01 4.072461153176584192e-01 4.575973495906893174e-01 5.114575667450157459e-01 5.688697600807509636e-01 6.298696217481610793e-01 6.944863137782686380e-01 7.627416785056780890e-01 8.346507695857604547e-01 9.102226309389975789e-01
7.899837465550715865e-02 9.032101463298551625e-02 1.019421388170895088e-01 1.138548407933578505e-01 1.260522351341980540e-01 1.349139140027609818e-01 1.461945012929495580e-01 1.597924665145499523e-01 1.758889438333834099e-01 1.945994965383287256e-01 2.174237551072165653e-01 2.458596236046675099e-01 2.811736904877941146e-01 3.223741130441593605e-01 3.670845063813378828e-01 4.153898295979676081e-01 4.673683942176729000e-01 5.230922646842667278e-01 5.826272315827131232e-01 6.460328634934183745e-01 7.133636826889179217e-01 7.846679182030905642e-01 8.599883853507799270e-01 9.393632069753462543e-01
7.998906588842243093e-02 9.136605503345415769e-02 1.030297440045632867e-01 1.149742969499393808e-01 1.271939666228616705e-01 1.363916102062272540e-01 1.480795789067547996e-01 1.620343830684138620e-01 1.785145449710123233e-01 1.976923964272966905e-01 2.210446283010850943e-01 2.500727343033602446e-01 2.861061953933702329e-01 3.284125006770163835e-01 3.744069128842837380e-01 4.241930507380381465e-01 4.778688865798592644e-01 5.355270073951706733e-01 5.972549762523787775e-01 6.631349692036100363e-01 7.332453436454182683e-01 8.076590312309057662e-01 8.864446220264320386e-01 9.696672584231460501e-01
8.084337252306696142e-02 9.230441257309224268e-02 1.040498787683311194e-01 1.160748094604749231e-01 1.283743005273020321e-01 1.379629543014748161e-01 1.500354206153368675e-01 1.643866874623015339e-01 1.812820461753210932e-01 2.009738985646397358e-01 2.248956758489180363e-01 2.545473217299296653e-01 2.913257556447662044e-01 3.347586691598080644e-01 3.820539975291860069e-01 4.333326404726474679e-01 4.887108202313263927e-01 5.483000778636756278e-01 6.122078619641033725e-01 6.805370706190828622e-01 7.533873854063103392e-01 8.308542485172006886e-01 9.130294885838793340e-01 1.000001808621237664e+00
8.166727373709155302e-02 9.322118453857708431e-02 1.050595972068156664e-01 1.171783269298537211e-01 1.295731209782269855e-01 1.395501677578402100e-01 1.520358751849053280e-01 1.668093398931293769e-01 1.841502016037513678e-01 2.043656156885967634e-01 2.288666799926196149e-01 2.591577848516924965e-01 2.967037129155601360e-01 3.412573586143564097e-01 3.898402023809772188e-01 4.425888774569834427e-01 4.996360574982109393e-01 5.611104843297907152e-01 6.271374279037416066e-01 6.978382229840331963e-01 7.733317782023462206e-01 8.537332458710813476e-01 9.391548275857226624e-01 1.029706386021538522e+00
8.240684057524799710e-02 9.406515712520871486e-02 1.060125775311687585e-01 1.182453766436876025e-01 1.307599010986663923e-01 1.411286883532934244e-01 1.540594151451712968e-01 1.692643854213571886e-01 1.870523199419068250e-01 2.077942086685996281e-01 2.328864772755987189e-01 2.638403163240236604e-01 3.021718960767580398e-01 3.478282808288011285e-01 3.976717972242121979e-01 4.518533402597167958e-01 5.105203712766539503e-01 5.738169326831937811e-01 6.418842155712987108e-01 7.148599212134156833e-01 7.928798825675167361e-01 8.760767748295468227e-01 9.645806157118466118e-01 1.058519666310385521e+00
8.297288886438647371e-02 9.475699507859443316e-02 1.068436648542121642e-01 1.192295732186020030e-01 1.319114998208006651e-01 1.427012940785309381e-01 1.560801595077762616e-01 1.717089717599842025e-01 1.899475868684167568e-01 2.112273552583686098e-01 2.369253739179643381e-01 2.685512346382351034e-01 3.076653416179685463e-01 3.543978395088229205e-01 4.054662919983371139e-01 4.610344924850486303e-01 5.212629654909922694e-01 5.863095520720641440e-01 6.563294336273104435e-01 7.314750706160656479e-01 8.118972211636821257e-01 8.977437860550291360e-01 9.891604985424582441e-01 1.086291729411563711e+00
8.340179489574724159e-02 9.532799430946112262e-02 1.075773082999148950e-01 1.201467037019171291e-01 1.330331840001801325e-01 1.442615322109369325e-01 1.580689071985798833e-01 1.741210651228858319e-01 1.928204991726616968e-01 2.146469228021752607e-01 2.409496197698998976e-01 2.732426589426778518e-01 3.131314833147370580e-01 3.609082268103632751e-01 4.131608819063663507e-01 4.700646270680918226e-01 5.317921376670513567e-01 5.985131683051572171e-01 6.703957779123785876e-01 7.476052164665161204e-01 8.303054483249410200e-01 9.186579013514152292e-01 1.012822368389821204e+00 1.112957387537174325e+00
8.375141361937889217e-02 9.582773627244482728e-02 1.082514949144952887e-01 1.210198468731935734e-01 1.341300140540861163e-01 1.457952429192067578e-01 1.600154985883879555e-01 1.764969640988220956e-01 1.956649546435455800e-01 2.180317055286830341e-01 2.449334083153706376e-01 2.778880328939061228e-01 3.185407785525425362e-01 3.673285613636120273e-01 4.207239821429015758e-01 4.789125719985792839e-01 5.420776299236894635e-01 6.104001004289667520e-01 6.840590822674647020e-01 7.632314140325540119e-01 8.480930618435982282e-01 9.388174941316892452e-01 1.035576662333048459e+00 1.138541589302804580e+00
8.403723865160624140e-02 9.626824110215780050e-02 1.088736146050932052e-01 1.218507581712836435e-01 1.351969666091733802e-01 1.472919431017816749e-01 1.619229361051757743e-01 1.788354419605563406e-01 1.984674935194201129e-01 2.213675670566072340e-01 2.488599134365848120e-01 2.824711147911278530e-01 3.238789835877017853e-01 3.736456539742214478e-01 4.281442293518534226e-01 4.875697097278220982e-01 5.521149199551149689e-01 6.219708903000236155e-01 6.973268758410405832e-01 7.783701421999099646e-01 8.652871426386358200e-01 9.582621842311294103e-01 1.057478329894092850e+00 1.163117802206026674e+00
8.425701668985097204e-02 9.664725947968930142e-02 1.094416077622291789e-01 1.226375227568283488e-01 1.362324449718744779e-01 1.487528799872566698e-01 1.637914696870829134e-01 1.811314891016899131e-01 2.012203382161181220e-01 2.246454712208400817e-01 2.527221932355848688e-01 2.869810545233062449e-01 3.291343933144404987e-01 3.798489670143857522e-01 4.354130484109814403e-01 4.960302502628175514e-01 5.619021948856717241e-01 6.332290362378520943e-01 7.102090766559719937e-01 7.930390689565884887e-01 8.819151126524409356e-01 9.770313676555699711e-01 1.078580538556511259e+00 1.186755131017034781e+00
8.440455422988835110e-02 9.695922374115051312e-02 1.099507574080232225e-01 1.233766653158335502e-01 1.372345667008444958e-01 1.501803929568107931e-01 1.656220749096323219e-01 1.833795300295952557e-01 2.039207953019263053e-01 2.278624199510791704e-01 2.565147218199800294e-01 2.914099000987265820e-01 3.342916842077411910e-01 3.859234509546973779e-01 4.425162357348558229e-01 5.042815343837567799e-01 5.714291386614387402e-01 6.441672797357426150e-01 7.227028915057907010e-01 8.072412543576015231e-01 8.979871782171108263e-01 9.951435693536067051e-01 1.098912411398284661e+00 1.209494918226200699e+00
8.449646344623525096e-02 9.721896772127260056e-02 1.104133473950119626e-01 1.240771419435124645e-01 1.382080775943685391e-01 1.515764679970038886e-01 1.674130023965824665e-01 1.855803818392320892e-01 2.065668973705961919e-01 2.310185576334351509e-01 2.602337135215319064e-01 2.957538987011897880e-01 3.393462499866008453e-01 3.918660171080360910e-01 4.494528034473488920e-01 5.123255162461802792e-01 5.807013547547528187e-01 6.547960957171247154e-01 7.348245195716346378e-01 8.209995492884906154e-01 9.135343493266558923e-01 1.012639615425323658e+00 1.118525621992831454e+00 1.231402119741660472e+00
8.454563230869305279e-02 9.743763934511030789e-02 1.108379984952696934e-01 1.247444604296431697e-01 1.391546715840771831e-01 1.529402493040344091e-01 1.691633031296425338e-01 1.877337527542187745e-01 2.091598122694489637e-01 2.341088446075416940e-01 2.638775802048941022e-01 3.000084886060941924e-01 3.442965921583983624e-01 3.976768246888835456e-01 4.562253293051102832e-01 5.201676064299658453e-01 5.897278504925794751e-01 6.651289741509764930e-01 7.465926209774226274e-01 8.343392547193834163e-01 9.285892874447602141e-01 1.029560941249636485e+00 1.137471952371358563e+00 1.252539788004789489e+00
8.457233358908454457e-02 9.763338043452605974e-02 1.112397832152021565e-01 1.253893361272280516e-01 1.400798036376875444e-01 1.542726622330419795e-01 1.708735531456589407e-01 1.898400888318025059e-01 2.116982095362884286e-01 2.371360029575910744e-01 2.674452302810234605e-01 3.041758726009281544e-01 3.491424659423824628e-01 4.033572916162928013e-01 4.628371264024952469e-01 5.278137880537349114e-01 5.985179321381625117e-01 6.751789010855145934e-01 7.580252649687514443e-01 8.472838714194691478e-01 9.431820181203667275e-01 1.045945232163556948e+00 1.155797854416301007e+00 1.272964597671256248e+00
8.457298035188288987e-02 9.780302518061437245e-02 1.116161770813348664e-01 1.260102684711589816e-01 1.409830888729896869e-01 1.555761220630535735e-01 1.725466465696403329e-01 1.919024780710824329e-01 2.141829090016308668e-01 2.400990475954175030e-01 2.709364032754462692e-01 3.082538837018609090e-01 3.538837276705180113e-01 4.089085875657379465e-01 4.692911682173867560e-01 5.352692058761366889e-01 6.070794349076786833e-01 6.849573119897724993e-01 7.691374065476411781e-01 8.598532280252079163e-01 9.573382705540139925e-01 1.061824183339058036e+00 1.173542398652283714e+00 1.292723845413410899e+00
8.455943154517893412e-02 9.795713726915188102e-02 1.119758474067243381e-01 1.266133299393499279e-01 1.418675359039900108e-01 1.568512489618637817e-01 1.741829265451291520e-01 1.939197916983558256e-01 2.166156857099624244e-01 2.429989062131061306e-01 2.743536870135674932e-01 3.122506373445987360e-01 3.585215164078909278e-01 4.143331313085164558e-01 4.755915229560153112e-01 5.425400845685840467e-01 6.154210728573759059e-01 6.944758288753117847e-01 7.799446839551951172e-01 8.720671007562191823e-01 9.710822570444455071e-01 1.077228288097516140e+00 1.190742248326351893e+00 1.311861379753212153e+00
8.453318267918158435e-02 9.809714862649705769e-02 1.123199642363755107e-01 1.271994427082929202e-01 1.427336185855527795e-01 1.580991436765321612e-01 1.757846344321362664e-01 1.958936668830845718e-01 2.189970460614752146e-01 2.458364005527857998e-01 2.776985474224411554e-01 3.161556087013154270e-01 3.630583465415538336e-01 4.196348109255583769e-01 4.817438785720815630e-01 5.496340404349100428e-01 6.235530713259139768e-01 7.037474757428441308e-01 7.904634533089235360e-01 8.839455028294509464e-01 9.844389057731439685e-01 1.092187329204752810e+00 1.207433290804450277e+00 1.330420030056237435e+00
8.450030563168693665e-02 9.822857993148054190e-02 1.126532397469552915e-01 1.277722810425630795e-01 1.435836792467762579e-01 1.593214793647058647e-01 1.773519464134861723e-01 1.978264411453017346e-01 2.213274273605792541e-01 2.486138226735980228e-01 2.809710502694828249e-01 3.199762419099895783e-01 3.674970138073606618e-01 4.248177242744464732e-01 4.877536529480277494e-01 5.565584572187390888e-01 6.314848588875330293e-01 7.127845414911839761e-01 8.007087635264547032e-01 8.955074834328651256e-01 9.974311372312228974e-01 1.106728526589841222e+00 1.223648154467458893e+00 1.348438158973127576e+00
8.445411335220925908e-02 9.834568715975230968e-02 1.129713743231392648e-01 1.283292501764107807e-01 1.444173081699638150e-01 1.605212406124285895e-01 1.788869834838894557e-01 1.997184580356360928e-01 2.236089422832113760e-01 2.513330915238091157e-01 2.841731426320046050e-01 3.237141150054849148e-01 3.718386714738452503e-01 4.298838076843635170e-01 4.936240506065956990e-01 5.633177786158464206e-01 6.392225213736815181e-01 7.215948897036543741e-01 8.106909997876637908e-01 9.067657589495856651e-01 1.010074565781954314e+00 1.120871584807736854e+00 1.239409880940886222e+00 1.365943221012888786e+00
8.441086095812241896e-02 9.846274291983732330e-02 1.132857505890979694e-01 1.288779831940709830e-01 1.452374959581696212e-01 1.616966146161413487e-01 1.803916622599883446e-01 2.015716094885950660e-01 2.258439946918266161e-01 2.539948216346331611e-01 2.873072222816875354e-01 3.273727652709974012e-01 3.760868382952350930e-01 4.348378157812278766e-01 4.993610958518573950e-01 5.699196803476069828e-01 6.467756499139213355e-01 7.301902052838165069e-01 8.204241801936933420e-01 9.177373076697568077e-01 1.022389707305177087e+00 1.134640178094435514e+00 1.254746805238041052e+00 1.382968161919368111e+00
8.437077052373369301e-02 9.858008011637296730e-02 1.135967850059003692e-01 1.294190535318608670e-01 1.460449940285863113e-01 1.628491310903873446e-01 1.818652249541350685e-01 2.033868486804188691e-01 2.280323946372667110e-01 2.566006111362139630e-01 2.903754535204017828e-01 3.309525270156531973e-01 3.802429918928009189e-01 4.396817754962736857e-01 5.049677615206235037e-01 5.763681913238722920e-01 6.541494834012875348e-01 7.385774791823616070e-01 8.299171828005311724e-01 9.284330520400886355e-01 1.034389524519206960e+00 1.148050084697985529e+00 1.269677726149448516e+00 1.399535275139578872e+00
8.432494235156681728e-02 9.869016379069289746e-02 1.138988178678915081e-01 1.299491809327855407e-01 1.468393542849383004e-01 1.639822830979208168e-01 1.833095216393805793e-01 2.051649582615421019e-01 2.301756874396045094e-01 2.591528006557930475e-01 2.933787170569364666e-01 3.344571616293620098e-01 3.843107327333637468e-01 4.444204144623402630e-01 5.104498661647258739e-01 5.826704813769006952e-01 6.613529471157831852e-01 7.467671504126081050e-01 8.391825553190424003e-01 9.388677166491901094e-01 1.046091636207437059e+00 1.161122267867481295e+00 1.284226444237394515e+00 1.415671922587092180e+00
8.428919868089849998e-02 9.880651900678161237e-02 1.142022984610462644e-01 1.304747563508437402e-01 1.476221459496417643e-01 1.650922457664924237e-01 1.847262817930100942e-01 2.069082028235359194e-01 2.322766672872341176e-01 2.616520599987687823e-01 2.963200118710764275e-01 3.378883905415376310e-01 3.882918529024159682e-01 4.490561336432318251e-01 5.158106623619159725e-01 5.888307869294537866e-01 6.683911404799781630e-01 7.547656981631685191e-01 8.482281449862529854e-01 9.490511610362267758e-01 1.057507752107192500e+00 1.173870095336072339e+00 1.298409350805468598e+00 1.431397333983111642e+00
8.425858183817894198e-02 9.892534249950257763e-02 1.145048050302529263e-01 1.309952425508202345e-01 1.483949197875970294e-01 1.661835119610680089e-01 1.861153629812785093e-01 2.086168904151827763e-01 2.343349232058283271e-01 2.641008034417871575e-01 2.992013434957949691e-01 3.412490150604793882e-01 3.921902658698225852e-01 4.535937712585990100e-01 5.210559587853763608e-01 5.948560480097566661e-01 6.752725009188913496e-01 7.625833600962961256e-01 8.570659554349386866e-01 9.589971310116285341e-01 1.068653905252546332e+00 1.186312329893984385e+00 1.312247624463982909e+00 1.446735884055324828e+00
8.422889393912272316e-02 9.904265677212049923e-02 1.148028296421280403e-01 1.315075905638829756e-01 1.491553746045040374e-01 1.672550210128704584e-01 1.874780503238945017e-01 2.102916322932269211e-01 2.363527336258295086e-01 2.665006187934809700e-01 3.020232526906930226e-01 3.445404682800981555e-01 3.960079426408321668e-01 4.580358792189471173e-01 5.261890536282507469e-01 6.007503792274235810e-01 6.820021664197085665e-01 7.702260963934586258e-01 8.657034147445085148e-01 9.687144984446678375e-01 1.079540545574410704e+00 1.198461173484492992e+00 1.325755818146843623e+00 1.461704132975098158e+00
8.420680138803748882e-02 9.916459324107494699e-02 1.151015580827607354e-01 1.320159311728777984e-01 1.499061965237189487e-01 1.683079584237375248e-01 1.888156553382537295e-01 2.119353414419900827e-01 2.383309462714838789e-01 2.688522178999100398e-01 3.047887601195888863e-01 3.477649481681150956e-01 3.997480124111486011e-01 4.623862124405527796e-01 5.312145855136986006e-01 6.065195461638693830e-01 6.885869198059920704e-01 7.777019583596745944e-01 8.741497362220518319e-01 9.782143996231454919e-01 1.090180532919458045e+00 1.210331652340053354e+00 1.338950762175312503e+00 1.476321435058634446e+00
8.418742190892122834e-02 9.928670988558509214e-02 1.153973093763935864e-01 1.325174971562729509e-01 1.506458279486237450e-01 1.693424718635783144e-01 1.901283094358678927e-01 2.135465025865584954e-01 2.402710746056788138e-01 2.711580638326519521e-01 3.074996349148985675e-01 3.509255815737336026e-01 4.034125899465396126e-01 4.666475671767771338e-01 5.361358723890032874e-01 6.121673682575693443e-01 6.950314442388888514e-01 7.850167653878482588e-01 8.824119841688317090e-01 9.875045839943922266e-01 1.100583083405449969e+00 1.221934271078423340e+00 1.351845236343577117e+00 1.490602580322037074e+00
8.417279379015472907e-02 9.941102149911919261e-02 1.156919359122094704e-01 1.330140102742640718e-01 1.513756628079768185e-01 1.703598432973263688e-01 1.914170809524091688e-01 2.151281489208610176e-01 2.421738575225316492e-01 2.734188991950666225e-01 3.101571284499630710e-01 3.540232611632185833e-01 4.070041495965817102e-01 4.708229404384946526e-01 5.409565811002580160e-01 6.176983988261757208e-01 7.013410628799197077e-01 7.921767127989242097e-01 8.904972223874441095e-01 9.965938393494608860e-01 1.110758309603633309e+00 1.233280866413446031e+00 1.364452019539105443e+00 1.504562090260506357e+00
8.416725434541191819e-02 9.954128575601406403e-02 1.159884845209542548e-01 1.335073455671524356e-01 1.520963709388651885e-01 1.713594333450712826e-01 1.926823894006033100e-01 2.166803098327484967e-01 2.440409894339129193e-01 2.756367211467678491e-01 3.127632565884566063e-01 3.570608962632701999e-01 4.105254912781375332e-01 4.749156128406071820e-01 5.456806864729919493e-01 6.231173278829064133e-01 7.075214721062318413e-01 7.991884432202867039e-01 8.984135164119958494e-01 1.005491097709073856e+00 1.120716390173391863e+00 1.244383137773647174e+00 1.376784936243499402e+00 1.518215601335383358e+00
8.416590140063429093e-02 9.967326186950910272e-02 1.162836415403569607e-01 1.339955209810506920e-01 1.528074871807119373e-01 1.723427688803664259e-01 1.939256742556370594e-01 2.182040282670282272e-01 2.458730154649867439e-01 2.778124249822300773e-01 3.153198079663233067e-01 3.600402244816411912e-01 4.139785899916222922e-01 4.789281194554749210e-01 5.503113206198250174e-01 6.284279142182332967e-01 7.135769467213274320e-01 8.060570659805361693e-01 9.061666023914227708e-01 1.014203328763900736e+00 1.130465426982137256e+00 1.255250275746364164e+00 1.388854438839465244e+00 1.531575066815431985e+00
8.416932119153285041e-02 9.980756852554632796e-02 1.165778807206163947e-01 1.344788701129331632e-01 1.535091453925377658e-01 1.733098706924815768e-01 1.951463346806768806e-01 2.196999803212795477e-01 2.476715921927999942e-01 2.799473637282928196e-01 3.178278501471992201e-01 3.629627133982349929e-01 4.173654372537620172e-01 4.828628878150672543e-01 5.548512992040408598e-01 6.336334915716154148e-01 7.195116318845748982e-01 8.127873033026938865e-01 9.137622607871096481e-01 1.022736961327516791e+00 1.140013187285803031e+00 1.265891001966350959e+00 1.400670344268947876e+00 1.544651872567389672e+00
8.417964027593784204e-02 9.994598036106136507e-02 1.168727204603279002e-01 1.349585202288416386e-01 1.542019550599940114e-01 1.742609743254905363e-01 1.963460205283299731e-01 2.211691520414390266e-01 2.494374178942629638e-01 2.820432196846050510e-01 3.202896399551573570e-01 3.658312988236852581e-01 4.206890739493338582e-01 4.867234851839992160e-01 5.593049280119510858e-01 6.387390986473294729e-01 7.253312435572515371e-01 8.193860540614062993e-01 9.212081012131461133e-01 1.031101022863741390e+00 1.149369440088404026e+00 1.276316760324368360e+00 1.412246063210985003e+00 1.557460451904434162e+00
8.419582353998530944e-02 1.000876934197652279e-01 1.171676084711183313e-01 1.354341639477721349e-01 1.548860395566210579e-01 1.751966585883464045e-01 1.975253937039000984e-01 2.226122566176587381e-01 2.511714497068092133e-01 2.841009351246217562e-01 3.227058089093992055e-01 3.686462274246360971e-01 4.239506138507933564e-01 4.905112107293867485e-01 5.636737322206089029e-01 6.437467260052623930e-01 7.310382427399969574e-01 8.258561063610396769e-01 9.285074952932912407e-01 1.039299322560434113e+00 1.158539146283361854e+00 1.286533093803853722e+00 1.423587271834117152e+00 1.570008042202129417e+00
8.421583179578957801e-02 1.002309404697034750e-01 1.174610767769346115e-01 1.359049042591135847e-01 1.555610698801489222e-01 1.761174890714665431e-01 1.986845912977978634e-01 2.240304169056973327e-01 2.528747183869117232e-01 2.861217141778333306e-01 3.250786440813431266e-01 3.714102858837551868e-01 4.271527773589123833e-01 4.942294826018275300e-01 5.679617413693609507e-01 6.486609671621658135e-01 7.366380979959409325e-01 8.322035278928376911e-01 9.356677404812419052e-01 1.047340049663604500e+00 1.167531147567589356e+00 1.296550178601650227e+00 1.434705887417746073e+00 1.582307825568260329e+00
8.424130404377649928e-02 1.003772631496971240e-01 1.177545232312691981e-01 1.363717310062795285e-01 1.562276673687867379e-01 1.770236772651276880e-01 1.998239598734626032e-01 2.254239841930853749e-01 2.545480111967376446e-01 2.881064394727604339e-01 3.274091141828939788e-01 3.741244442807982185e-01 4.302968878982736944e-01 4.978797849294070987e-01 5.721708015063401431e-01 6.534839952310290689e-01 7.421331671885428305e-01 8.384314837544886156e-01 9.426920403398331150e-01 1.055227358726114506e+00 1.176350535473215331e+00 1.306373575816439425e+00 1.445608169096182172e+00 1.594366645288852968e+00
8.427268566156133345e-02 1.005270434400419577e-01 1.180482140685834569e-01 1.368349432183085523e-01 1.568859960187803937e-01 1.779153703447300949e-01 2.009446870328116808e-01 2.267936659534993959e-01 2.561924940902362557e-01 2.900567029357847271e-01 3.296984924381202720e-01 3.767910903228320896e-01 4.333854959469521373e-01 5.014651497286007897e-01 5.763043908898466405e-01 6.582200118463420457e-01 7.475284580090443276e-01 8.445454751636799484e-01 9.495871125691117687e-01 1.062968367073037657e+00 1.185005207467294319e+00 1.316012448168009552e+00 1.456304530525692753e+00 1.606196489881194456e+00
8.430782167348692402e-02 1.006783941954134814e-01 1.183408201969519263e-01 1.372937640709166462e-01 1.575360688774408713e-01 1.787936224426676379e-01 2.020470345415851243e-01 2.281401752921358717e-01 2.578089413696817989e-01 2.919734424393488625e-01 3.319479863753503901e-01 3.794109172202383418e-01 4.364200818080758437e-01 5.049873378017759595e-01 5.803646982960685152e-01 6.628714132168950224e-01 7.528266056365112702e-01 8.505488346877759787e-01 9.563565682904643372e-01 1.070567573767227110e+00 1.193500510671962944e+00 1.325472798517494999e+00 1.466801625340582893e+00 1.617804579376866281e+00
8.434590542711861705e-02 1.008307101965776192e-01 1.186317073107399228e-01 1.377477848688249129e-01 1.581776962713766499e-01 1.796584120404017548e-01 2.031312861917465851e-01 2.294646101265796212e-01 2.593982152178948564e-01 2.938570809618186730e-01 3.341588825452564970e-01 3.819853915041288572e-01 4.394011714008748681e-01 5.084470710642504665e-01 5.843525067797763484e-01 6.674392801729839286e-01 7.580290824140657469e-01 8.564430455120359831e-01 9.630023564017607951e-01 1.078027111060166909e+00 1.201838646792969811e+00 1.334757274115600856e+00 1.477102436792614437e+00 1.629194574512627280e+00
8.438905193708404195e-02 1.009858398617528574e-01 1.189225886995549236e-01 1.381981543663251544e-01 1.588114525038490932e-01 1.805097820672685871e-01 2.041978827213863645e-01 2.307669609251284393e-01 2.609607645267529308e-01 2.957094452466558221e-01 3.363326940412069144e-01 3.845167614558681612e-01 4.423327656773390348e-01 5.118489706161646335e-01 5.882732052528591993e-01 6.719298251691476764e-01 7.631429771662637807e-01 8.622363720587283842e-01 9.695335339514457029e-01 1.085357343210035186e+00 1.210031642899127124e+00 1.343879077603829186e+00 1.487222005141768610e+00 1.640383062985247387e+00
8.443747110600496875e-02 1.011438818950917973e-01 1.192134267795688096e-01 1.386450082665030004e-01 1.594374610062786191e-01 1.813479979644563589e-01 2.052480475159183249e-01 2.320483462486304105e-01 2.624976139504510697e-01 2.975311989342717678e-01 3.384701642815255429e-01 3.870057171722458556e-01 4.452149034329943023e-01 5.151931312781958816e-01 5.921269991056070658e-01 6.763433689958641137e-01 7.681686630235701196e-01 8.679291726576326971e-01 9.759507591916241065e-01 1.092558975300793378e+00 1.218080180228917397e+00 1.352839289127963918e+00 1.497161298990482781e+00 1.651371441078082869e+00
8.448660313208627981e-02 1.013011152850089996e-01 1.195014659244241911e-01 1.390866310180101928e-01 1.600555054184615300e-01 1.821744592590043010e-01 2.062814380816514193e-01 2.333087011780390907e-01 2.640097407850934830e-01 2.993227297356926275e-01 3.405721710401380942e-01 3.894530385598387046e-01 4.480483341840877376e-01 5.184805122544574596e-01 5.959149388150513094e-01 6.806810416884407910e-01 7.731074576601708603e-01 8.735230109499144691e-01 9.822561918066134989e-01 1.099634563283526711e+00 1.225986990072394311e+00 1.361641117211348506e+00 1.506923996860584536e+00 1.662163628918851055e+00
8.454524767318820355e-02 1.014651372807589408e-01 1.197927789981237806e-01 1.395271871380031614e-01 1.606672255459106191e-01 1.829879831676838320e-01 2.072989172760489329e-01 2.345497594956010567e-01 2.654974853897842380e-01 3.010854870955068097e-01 3.426405962609634370e-01 3.918609917618904870e-01 4.508361854564184590e-01 5.217147171458824673e-01 5.996413438688804609e-01 6.849477736151374785e-01 7.779651757786919530e-01 8.790246819912854725e-01 9.884568694039326253e-01 1.106592081813182915e+00 1.233761296824180009e+00 1.370294772510965764e+00 1.516521706501558153e+00 1.672772667633023236e+00
8.460745041117215259e-02 1.016308315207205409e-01 1.200833866674120287e-01 1.399640200318936489e-01 1.612717657841091223e-01 1.837898215304111516e-01 2.083003302623643860e-01 2.357710268560228306e-01 2.669616906521294353e-01 3.028202109393501873e-01 3.446752188267547257e-01 3.942299983491222570e-01 4.535791437042315244e-01 5.248964911337745676e-01 6.033070537586719961e-01 6.891447176705233213e-01 7.827430818442195903e-01 8.844353897066514758e-01 9.945547373716030481e-01 1.113433646941962563e+00 1.241405591765744720e+00 1.378802851857341860e+00 1.525957433444453448e+00 1.683201857292521364e+00
8.466783957204356004e-02 1.017933305946980560e-01 1.203691593934993753e-01 1.403941770111572784e-01 1.618674361057206301e-01 1.845799490005930465e-01 2.092870872487786749e-01 2.369732906641036085e-01 2.684029945475304713e-01 3.045275192459813707e-01 3.466780450477121023e-01 3.965620424281028900e-01 4.562785880738129407e-01 5.280275968103756989e-01 6.069141453081647875e-01 6.932741785416220992e-01 7.874437425696330095e-01 8.897582793801442902e-01 1.000553155761580992e+00 1.120163163372275505e+00 1.248924155492943555e+00 1.387170537316995356e+00 1.535236765039731388e+00 1.693457493583727214e+00
8.473029934408586594e-02 1.019562239766019368e-01 1.206531007930593674e-01 1.408199160877166012e-01 1.624556953008143012e-01 1.853587421055077344e-01 2.102586601351416895e-01 2.381570468635743065e-01 2.698220131432953472e-01 3.062081673731549825e-01 3.486499651538777500e-01 3.988567845924375077e-01 4.589355336275721675e-01 5.311091912752826660e-01 6.104638764147704011e-01 6.973377337612086668e-01 7.920690945456191345e-01 8.949955502539771457e-01 1.006454691472893126e+00 1.126783611494284187e+00 1.256320343508401827e+00 1.395401439927489218e+00 1.544363677378991939e+00 1.703544144753193823e+00
8.482202661793228349e-02 1.021505363073780537e-01 1.209703023258982130e-01 1.412803591585561902e-01 1.630797563657008509e-01 1.861736879857499860e-01 2.112675227544357770e-01 2.393797052975363548e-01 2.712820471387537014e-01 3.079326770933462631e-01 3.506696178674677533e-01 4.012045495692082020e-01 4.616529700821117577e-01 5.342604583970738119e-01 6.140932044168891935e-01 7.014919154654379874e-01 7.967969129068137590e-01 9.003479520612683862e-01 1.012485175602810816e+00 1.133547871659383866e+00 1.263875948479035838e+00 1.403808968557021863e+00 1.553685310148755327e+00 1.713844602255487626e+00
8.494036460875653560e-02 1.023733913619913477e-01 1.213176952224423732e-01 1.417723342665483388e-01 1.637364181963005538e-01 1.870215983599844145e-01 2.123104003076303758e-01 2.406377797738341040e-01 2.727794601061958590e-01 3.096970673609955038e-01 3.527326461990393791e-01 4.036006910245042989e-01 4.644252997034820085e-01 5.374750203150363559e-01 6.177950907192155672e-01 7.057285536582573737e-01 8.016178617179046118e-01 9.058054117273786066e-01 1.018633191897975410e+00 1.140442915443352634e+00 1.271577131613722544e+00 1.412377030392311772e+00 1.563183878106193969e+00 1.724339550312622649e+00
8.508280021580301444e-02 1.026221393659484671e-01 1.216925342999610610e-01 1.422930062186738842e-01 1.644227161203057896e-01 1.878994333399066907e-01 2.133841750923406444e-01 2.419280739200184716e-01 2.743107514003406133e-01 3.114976613550743956e-01 3.548350559137768423e-01 4.060406200595103043e-01 4.672475619901029220e-01 5.407469779767412055e-01 6.215626668232065999e-01 7.100397682394061771e-01 8.065233177029621503e-01 9.113577302235196242e-01 1.024887531151920106e+00 1.147456422632995965e+00 1.279409614901715342e+00 1.421090718565500399e+00 1.572842974001454897e+00 1.735010681186605508e+00
8.524751526658715106e-02 1.028947810244697919e-01 1.220925874041610126e-01 1.428400115014942240e-01 1.651361700074474304e-01 1.888046833586058959e-01 2.144862531737108946e-01 2.432478005666207366e-01 2.758730260075676344e-01 3.133313891126860429e-01 3.569733746194773127e-01 4.085205548409240883e-01 4.701152754291743618e-01 5.440713454214730627e-01 6.253901652400232214e-01 7.144192676961856892e-01 8.115058735693126968e-01 9.169967144905425416e-01 1.031238808441763855e+00 1.154578368038805314e+00 1.287362464495271919e+00 1.429937206243292236e+00 1.582648355804733065e+00 1.745842491135975783e+00
8.543242945523447929e-02 1.031891414759824044e-01 1.225156527426860681e-01 1.434110251681066650e-01 1.658744644864417750e-01 1.897349813630649917e-01 2.156140978860024426e-01 2.445944097825991925e-01 2.774635706974566962e-01 3.151952272656873277e-01 3.591445199852560943e-01 4.110369225884849542e-01 4.730244320932532331e-01 5.474434875484336382e-01 6.292723627141429965e-01 7.188608603450021839e-01 8.165585398342123380e-01 9.227147139568560030e-01 1.037678529714821662e+00 1.161798632095430772e+00 1.295424379598570042e+00 1.438904424784569258e+00 1.592587002440197352e+00 1.756820595221308734e+00
8.563595710819689455e-02 1.035034637386591932e-01 1.229598081419213673e-01 1.440040349828680122e-01 1.666354407364012691e-01 1.906881764353610953e-01 2.167655786198713908e-01 2.459655342974912118e-01 2.790800024678858904e-01 3.170866272230212779e-01 3.613455180723937898e-01 4.135864896557260306e-01 4.759714058698118477e-01 5.508590927515204516e-01 6.332041486781797568e-01 7.233589610184498753e-01 8.216753225945968575e-01 9.285045928320677655e-01 1.044198773945462344e+00 1.169108554178283743e+00 1.303585855537189087e+00 1.447981913514974073e+00 1.602646780418295114e+00 1.767931808818845152e+00
8.585644038066224393e-02 1.038360007259773454e-01 1.234232098829500524e-01 1.446172313997388936e-01 1.674172419166998771e-01 1.916624077888921529e-01 2.179386904615261689e-01 2.473591211395199108e-01 2.807199930065209514e-01 3.190031804604021026e-01 3.635737820649089791e-01 4.161663008384671181e-01 4.789528330824090463e-01 5.543144762946786708e-01 6.371815004369522084e-01 7.279087454798464085e-01 8.268503073693068695e-01 9.343601709095519237e-01 1.050792499970823579e+00 1.176500449779031898e+00 1.311838357355867846e+00 1.457159769619998713e+00 1.612817322355847516e+00 1.779164694860174700e+00
8.609277745809208737e-02 1.041854828370443187e-01 1.239045494417845977e-01 1.452490670523178540e-01 1.682182205799394037e-01 1.926559120063263131e-01 2.191316179278264553e-01 2.487733124193634848e-01 2.823816104016922401e-01 3.209427009933771280e-01 3.658270415266446363e-01 4.187739235230242274e-01 4.819656702827309624e-01 5.578058954272282488e-01 6.412002167519952334e-01 7.325054341342586151e-01 8.320784178705552536e-01 9.402754891541963422e-01 1.057452967685555301e+00 1.183966757118175339e+00 1.320173451366260631e+00 1.466428917592836001e+00 1.623088291640095937e+00 1.790507894823315960e+00
8.634352199350291135e-02 1.045504999410301339e-01 1.244022274486803054e-01 1.458979329457270324e-01 1.690368294735786481e-01 1.936671653023495088e-01 2.203427989833946776e-01 2.502064617992307283e-01 2.840630773602629278e-01 3.229033081906004798e-01 3.681031278615290447e-01 4.214068474818148391e-01 4.850074538618862618e-01 5.613306721769779628e-01 6.452569408784250005e-01 7.371454748553337710e-01 8.373554019499787060e-01 9.462457049189422209e-01 1.064174962283548798e+00 1.191501401689403661e+00 1.328584527581020414e+00 1.475782073318517629e+00 1.633451886194694724e+00 1.801952742763901938e+00
8.660770045446047893e-02 1.049298034189329737e-01 1.249150321120658658e-01 1.465625761631918211e-01 1.698716232929435022e-01 1.946947128895989976e-01 2.215707415554556692e-01 2.516569336688838088e-01 2.857627221472747725e-01 3.248832694944843724e-01 3.704001099942744735e-01 4.240629524655727400e-01 4.880755144201015527e-01 5.648857504470651270e-01 6.493482576550395624e-01 7.418248277943271241e-01 8.426768608959828155e-01 9.522659412731331319e-01 1.070952818094020209e+00 1.199098609531277893e+00 1.337064721730787831e+00 1.485211498518324014e+00 1.643899749450077774e+00 1.813489992065488554e+00
8.688412457769340014e-02 1.053223123674490447e-01 1.254417671841916992e-01 1.472416842535784198e-01 1.707213861382915199e-01 1.957372564712639706e-01 2.228140170559873567e-01 2.531233076428898165e-01 2.874789759825041036e-01 3.268808804767126541e-01 3.727161779819977983e-01 4.267402655912501674e-01 4.911676080192714511e-01 5.684685785757928045e-01 6.534712617312042893e-01 7.465401924795773692e-01 8.480391412860099898e-01 9.583318790059407455e-01 1.077781943659025909e+00 1.206752536616176208e+00 1.345607903458261978e+00 1.494710959630226377e+00 1.654424359913529763e+00 1.825111602541120925e+00
8.717200867294860878e-02 1.057270508130015579e-01 1.259813873558032205e-01 1.479342291490343686e-01 1.715849160057984768e-01 1.967936513496368334e-01 2.240715051273275416e-01 2.546043798144095871e-01 2.892105988537038153e-01 3.288946996930985911e-01 3.750497707257376967e-01 4.294369629107793185e-01 4.942818011869953287e-01 5.720766943010756611e-01 6.576233700688913775e-01 7.512885031999803065e-01 8.534385528802916898e-01 9.644396639899955881e-01 1.084657830981671678e+00 1.214459006905570959e+00 1.354209336260515206e+00 1.504274480203104947e+00 1.665019663939091510e+00 1.836810649373814552e+00
8.747057382112835566e-02 1.061432095560036204e-01 1.265329954486562047e-01 1.486392281314199704e-01 1.724611859447770512e-01 1.978628024294519228e-01 2.253420340564083746e-01 2.560988803111315937e-01 2.909562689673333424e-01 3.309234231370857815e-01 3.773993762651851602e-01 4.321514349829079227e-01 4.974161865849396347e-01 5.757080368550271388e-01 6.618019404832020669e-01 7.560669565187011498e-01 8.588720057685860221e-01 9.705856957854798184e-01 1.091576583291529845e+00 1.222212702818354035e+00 1.362863370097021409e+00 1.513896121122941807e+00 1.675678852998897961e+00 1.848580041192169343e+00
8.777900324158123546e-02 1.065698368917760153e-01 1.270956471341571914e-01 1.493556857077147915e-01 1.733492458724347762e-01 1.989437429918268219e-01 2.266245630808419453e-01 2.576057817672061101e-01 2.927148513403989294e-01 3.329657408308003830e-01 3.797637139461977895e-01 4.348821378000650162e-01 5.005689403679848271e-01 5.793606486204321282e-01 6.660046724914563399e-01 7.608729443296531336e-01 8.643365239589735349e-01 9.767665694594788173e-01 1.098534305591935656e+00 1.230010055129719726e+00 1.371565627833516432e+00 1.523571247763087833e+00 1.686396862431593258e+00 1.860413649965308780e+00
8.809651500075869890e-02 1.070062581076428598e-01 1.276685569835493139e-01 1.500827812261807948e-01 1.742482039370462366e-01 2.000355685714063358e-01 2.279182723045014847e-01 2.591241170907184754e-01 2.944852600796756259e-01 3.350206312729605562e-01 3.821415159550975993e-01 4.376277146650238148e-01 5.037385328313991328e-01 5.830325809314795826e-01 6.702296186887928275e-01 7.657040588816218518e-01 8.698294341193456569e-01 9.829794780273093391e-01 1.105527714181179233e+00 1.237847034022223180e+00 1.380311858952020909e+00 1.533294575720204334e+00 1.697168279767873988e+00 1.872305989801134940e+00
8.842237802371732958e-02 1.074515855961516997e-01 1.282508933645113425e-01 1.508196432947467580e-01 1.751572037424692085e-01 2.011374123828487126e-01 2.292221127087289145e-01 2.606528928631955400e-01 2.962665527597870829e-01 3.370869528569617191e-01 3.845316334276874248e-01 4.403869033720707593e-01 5.069237201987465413e-01 5.867222748020755052e-01 6.744750176103319061e-01 7.705582685779216456e-01 8.753484698710036760e-01 9.892217680598347496e-01 1.112553985003371437e+00 1.245720693582681005e+00 1.389098620738568490e+00 1.543062962928919646e+00 1.707988871264089381e+00 1.884252683066591993e+00
8.875627653213186141e-02 1.079054282339913795e-01 1.288421063082534068e-01 1.515657103811201833e-01 1.760755398573621566e-01 2.022485190351582252e-01 2.305354181309087203e-01 2.621914069727671048e-01 2.980579041980561672e-01 3.391637986480944833e-01 3.869330780015890481e-01 4.431585800274321363e-01 5.101228982007007806e-01 5.904283088360285925e-01 6.787388430945018314e-01 7.754335579336160134e-01 8.808913085496592466e-01 9.954905409491555668e-01 1.119609959759785500e+00 1.253627445639215576e+00 1.397922133854198279e+00 1.552871936637867156e+00 1.718854400345353861e+00 1.896248018676414127e+00
8.909758066976448954e-02 1.083671820559052035e-01 1.294416008717016175e-01 1.523202832094796566e-01 1.770025409464726640e-01 2.033682185884886084e-01 2.318573926989975775e-01 2.637387509754370862e-01 2.998584464077072020e-01 3.412502682937268439e-01 3.893448471549213474e-01 4.459415746874145214e-01 5.133349137689258157e-01 5.941490334570551646e-01 6.830194519618961735e-01 7.803278952065381135e-01 8.864556334135369475e-01 1.001783610526668644e+00 1.126692933572409405e+00 1.261564185568179619e+00 1.406778922762081274e+00 1.562717563596807802e+00 1.729760038369081876e+00 1.908287597611524555e+00
8.944572341292643392e-02 1.088360979719318888e-01 1.300486640559012363e-01 1.530826620180781306e-01 1.779375380383850513e-01 2.044958960844462659e-01 2.331874603748694819e-01 2.652943020971658128e-01 3.016674169920784965e-01 3.433456997836429880e-01 3.917660231951292094e-01 4.487350074612226347e-01 5.165588098692385222e-01 5.978833625686609254e-01 6.873156608074607599e-01 7.852399393723699106e-01 8.920398782677253502e-01 1.008099018000016889e+00 1.133800979614292048e+00 1.269528746886179560e+00 1.415666619685145733e+00 1.572597072911920524e+00 1.740703363417852145e+00 1.920368191476545805e+00
8.980024749618875646e-02 1.093119140683745105e-01 1.306628394709860586e-01 1.538523864616569148e-01 1.788799774060399750e-01 2.056309028432268815e-01 2.345248929055542275e-01 2.668573911022310563e-01 3.034841869042491092e-01 3.454490778729301104e-01 3.941958044696087793e-01 4.515378681917389114e-01 5.197934596519747652e-01 6.016299876153340387e-01 6.916259162335706145e-01 7.901678140055564681e-01 8.976420541651293217e-01 1.014434596877778594e+00 1.140931471848055878e+00 1.277518383320021211e+00 1.424581946030312185e+00 1.582507371198336621e+00 1.751679958144816140e+00 1.932485909636080024e+00
9.016075453814334506e-02 1.097940322675892144e-01 1.312836629300520308e-01 1.546289415635754005e-01 1.798292904486908927e-01 2.067726764654195803e-01 2.358692238772269745e-01 2.684275034713687891e-01 3.053080873943732620e-01 3.475599531599344871e-01 3.966336119443977792e-01 4.543495094143341073e-01 5.230378343329985524e-01 6.053879221710467551e-01 6.959490426719600054e-01 7.951104589356761121e-01 9.032606722402584110e-01 1.020788642823830639e+00 1.148082619802662352e+00 1.285530814342091821e+00 1.433522598530911685e+00 1.592445472771202741e+00 1.762687622708820845e+00 1.944637296824244244e+00
9.052684854581391494e-02 1.102820762739189220e-01 1.319105859524802027e-01 1.554117638705398430e-01 1.807850059600109860e-01 2.079207596166890715e-01 2.372198057615132194e-01 2.700039234888165218e-01 3.071384237231427616e-01 3.496775641224333375e-01 3.990784386481717738e-01 4.571688903795741998e-01 5.262911227796641667e-01 6.091560227524799309e-01 7.002837469152941585e-01 8.000660738343029488e-01 9.088942174671140739e-01 1.027159259591787999e+00 1.155252488654495702e+00 1.293564098817630015e+00 1.442486210746285913e+00 1.602409083710316651e+00 1.773722946115845689e+00 1.956818681316057296e+00
9.089831526379746340e-02 1.107757599835867829e-01 1.325433664393269040e-01 1.562005321338705566e-01 1.817467157589654214e-01 2.090746508679245663e-01 2.385762314878439871e-01 2.715862503441179854e-01 3.089747643107687014e-01 3.518013435953645240e-01 4.015298450303544375e-01 4.599954697127492942e-01 5.295524282701422614e-01 6.129333678890672710e-01 7.046291162078773818e-01 8.050338831570837961e-01 9.145412934257964865e-01 1.033545146893286804e+00 1.162439155932436297e+00 1.301616141693023421e+00 1.451470658513672740e+00 1.612395608226601773e+00 1.784783494628051415e+00 1.969027986087596771e+00
9.127451143024385705e-02 1.112744678603758974e-01 1.331813987064953131e-01 1.569947603969193695e-01 1.827138788297588967e-01 2.102339255833205467e-01 2.399380575299488172e-01 2.731739096420301438e-01 3.108166244686284552e-01 3.539308002121055452e-01 4.039873106372713907e-01 4.628285155548027552e-01 5.328211343920895571e-01 6.167191178903833615e-01 7.089841008479098594e-01 8.100123400737372359e-01 9.202005665619729102e-01 1.039944816972043551e+00 1.169641217276304213e+00 1.309685211121461190e+00 1.460473897732193160e+00 1.622402577620475128e+00 1.795866655315168758e+00 1.981262230511529499e+00
9.165533333867431631e-02 1.117780361279951534e-01 1.338244485064471467e-01 1.577940380785380625e-01 1.836861930035279811e-01 2.113981934524449546e-01 2.413047499528086504e-01 2.747665510817823287e-01 3.126634755155373591e-01 3.560653878412184392e-01 4.064500852565132161e-01 4.656674465572278043e-01 5.360964157456309387e-01 6.205125453190567519e-01 7.133476302440557859e-01 8.150007305665131208e-01 9.258709139701976065e-01 1.046356623335031655e+00 1.176856722318752713e+00 1.317769540611498424e+00 1.469493905966992031e+00 1.632428366193288793e+00 1.806970226420125281e+00 1.993518504736289332e+00
9.204046908842500319e-02 1.122861434105261458e-01 1.344722364691707250e-01 1.585980920875571243e-01 1.846632425788730936e-01 2.125670514494920615e-01 2.426760648075955984e-01 2.763637386629226866e-01 3.145148972897945372e-01 3.582046675941293890e-01 4.089177528371381598e-01 4.685117744728919398e-01 5.393776911248513439e-01 6.243127834956430089e-01 7.177189337762813759e-01 8.199979230525744622e-01 9.315511501875726186e-01 1.052779684408551297e+00 1.184084926277271466e+00 1.325867617589973291e+00 1.478529240380539678e+00 1.642470883734154397e+00 1.818092379728935670e+00 2.005795159843591247e+00
9.242960731752128400e-02 1.127985099056569573e-01 1.351243499410131055e-01 1.594065527921516290e-01 1.856446617572395930e-01 2.137401503424087301e-01 2.440515045941393235e-01 2.779650910675701136e-01 3.163704515205771894e-01 3.603480961619089373e-01 4.113898600132517847e-01 4.713607814476092339e-01 5.426643863981325255e-01 6.281192194541396212e-01 7.220973862643552676e-01 8.250030978765101608e-01 9.372403813977991938e-01 1.059212724886669177e+00 1.191324290876185410e+00 1.333977879362444385e+00 1.487578493523498357e+00 1.652528388741237642e+00 1.829230932798927567e+00 2.018089996623785076e+00
9.282258921620319125e-02 1.133148222929859783e-01 1.357805622870430218e-01 1.602191564794959999e-01 1.866302555797026974e-01 2.149172059962917158e-01 2.454308250409007464e-01 2.795702257298982030e-01 3.182298381770479745e-01 3.624954213448783324e-01 4.138658437068857276e-01 4.742140436356948596e-01 5.459558599659126710e-01 6.319311448074688142e-01 7.264820346591209788e-01 8.300153717811281640e-01 9.429375033700062581e-01 1.065654771383328647e+00 1.198573542811826265e+00 1.342099372154630821e+00 1.496639442416438426e+00 1.662599165420321601e+00 1.840384209721945608e+00 2.030400576651945954e+00
9.321919861521327233e-02 1.138348622253254755e-01 1.364405705517278411e-01 1.610356042471756399e-01 1.876195697084488967e-01 2.160978289008284592e-01 2.468136683036403489e-01 2.811788373622680637e-01 3.200926160741648374e-01 3.646461578229857059e-01 4.163455389966205789e-01 4.770711992510924815e-01 5.492515073394860226e-01 6.357478655194412909e-01 7.308721094917645100e-01 8.350338178419716151e-01 9.486416617532557050e-01 1.072104622160887422e+00 1.205831606038009873e+00 1.350230574646927639e+00 1.505711252984577087e+00 1.672681844064783707e+00 1.851550013285329976e+00 2.042725131897717983e+00
9.361901069519162899e-02 1.143583467571566425e-01 1.371040898058803470e-01 1.618555651012911767e-01 1.886124463958912534e-01 2.172818308329972359e-01 2.481998270338653667e-01 2.827905695337974423e-01 3.219585045227235098e-01 3.667999827343841335e-01 4.188283674387245359e-01 4.799316964309816580e-01 5.525511556672600966e-01 6.395691160880221382e-01 7.352674717191437503e-01 8.400579189469700170e-01 9.543521811216140183e-01 1.078561685806714410e+00 1.213097402413315429e+00 1.358370541845832058e+00 1.514792765915622841e+00 1.682775059334028045e+00 1.862727901940559594e+00 2.055062518902431190e+00
9.402180342806672197e-02 1.148849712902381970e-01 1.377708110988948020e-01 1.626788368874666768e-01 1.896085326669532944e-01 2.184689332206439238e-01 2.495888594231793767e-01 2.844052338717088513e-01 3.238272492321777607e-01 3.689566743974205809e-01 4.213139224025402862e-01 4.827952464592333293e-01 5.558539593717538585e-01 6.433940003084617221e-01 7.396667813376239797e-01 8.450868468713466086e-01 9.600681420627805718e-01 1.085024497053112214e+00 1.220369881954561420e+00 1.366517560028976286e+00 1.523882245589498696e+00 1.692876939426450456e+00 1.873915058194765892e+00 2.067410093140253480e+00
9.442784521155639377e-02 1.154148479447257014e-01 1.384408400720346932e-01 1.635052526409364604e-01 1.906076797456130734e-01 2.196587670011790339e-01 2.509806902271498608e-01 2.860224649576261768e-01 3.256984768840814337e-01 3.711157163215369481e-01 4.238019901492102171e-01 4.856613925345457106e-01 5.591598199164182770e-01 6.472223865793642616e-01 7.440702017505026467e-01 8.501202396016265261e-01 9.657889674569213323e-01 1.091492980649220623e+00 1.227648429778466443e+00 1.374671346398554483e+00 1.532979001629664495e+00 1.702987073909730587e+00 1.885110959844232159e+00 2.079767402771834028e+00
9.483639847806485390e-02 1.159473877664022184e-01 1.391135991575565556e-01 1.643344713466799722e-01 1.916096078352667875e-01 2.208513181830551453e-01 2.523749541477390279e-01 2.876421562771513951e-01 3.275719298792232337e-01 3.732770356109491039e-01 4.262923067497920160e-01 4.885298813304574383e-01 5.624681730236592569e-01 6.510535319202344073e-01 7.484767130050252737e-01 8.551571240545321473e-01 9.715137607094735950e-01 1.097965751075447249e+00 1.234932029927104047e+00 1.382830793193909447e+00 1.542081982679142982e+00 1.713103807820359092e+00 1.896314194604949099e+00 2.092132585358664087e+00
9.524768463137892049e-02 1.164827340471902145e-01 1.397891779119319888e-01 1.651664077833501776e-01 1.926141405001282059e-01 2.220461813456107714e-01 2.537714688950550856e-01 2.892638877876719805e-01 3.294474803815453656e-01 3.754402803153029655e-01 4.287844741106731083e-01 4.914002149482754045e-01 5.657787627624429883e-01 6.548873042197210781e-01 7.528861217171964881e-01 8.601971473764310483e-01 9.772422554647152149e-01 1.104442650502015066e+00 1.242219908096825254e+00 1.390995011756409827e+00 1.551190199698074812e+00 1.723226206163890772e+00 1.907523777004199950e+00 2.104504314100626328e+00
9.566145948667906240e-02 1.170205451667292867e-01 1.404672228351413477e-01 1.660008102772327632e-01 1.936210345347276485e-01 2.232432576011551539e-01 2.551700410256624862e-01 2.908875140542566684e-01 3.313247434062946417e-01 3.776051499991380234e-01 4.312783205760372107e-01 4.942723114532368012e-01 5.690910697947537678e-01 6.587229694641322242e-01 7.572978036975055449e-01 8.652398248457200403e-01 9.829734300039154604e-01 1.110922591564956763e+00 1.249511179257132731e+00 1.399162966621627868e+00 1.560302338242145703e+00 1.733353114740078249e+00 1.918738009012355805e+00 2.116881560503302229e+00
9.607743418519562595e-02 1.175607449708055696e-01 1.411476246093349707e-01 1.668375333930741389e-01 1.946301017219244367e-01 2.244423816901714164e-01 2.565704699754891016e-01 2.925128819799423519e-01 3.332036352188492700e-01 3.797715780577802791e-01 4.337735570565303678e-01 4.971457679179939193e-01 5.724050148874312294e-01 6.625605502739473351e-01 7.617114711111228065e-01 8.702846629689899860e-01 9.887071809130880684e-01 1.117405293175497194e+00 1.256805652932738715e+00 1.407334174922665548e+00 1.569418326245169970e+00 1.743483911186099578e+00 1.929956749335066668e+00 2.129263178102674292e+00
9.649552176471594411e-02 1.181030326904425609e-01 1.418301761440963760e-01 1.676763780875930032e-01 1.956412158325556150e-01 2.256433218902335613e-01 2.579725521013675471e-01 2.941397581686257534e-01 3.350838222714079828e-01 3.819391412863725743e-01 4.362698692157585545e-01 5.000204336655004189e-01 5.757201737975528033e-01 6.663993742155990274e-01 7.661266408743141465e-01 8.753312907655990127e-01 9.944427946271325869e-01 1.123890065526866211e+00 1.264102162303750720e+00 1.415507793524153568e+00 1.578536707285846497e+00 1.753617524664177196e+00 1.941178309973877303e+00 2.141648247151934470e+00
9.691560182507319432e-02 1.186473867240893793e-01 1.425147774091951314e-01 1.685172059454421445e-01 1.966542572885753848e-01 2.268459149546677156e-01 2.593761574123364388e-01 2.957679845423451526e-01 3.369652928688002813e-01 3.841077503524611969e-01 4.387671094418448270e-01 5.028958412376607345e-01 5.790361802442530736e-01 6.702393495512023458e-01 7.705429767350787662e-01 8.803791221787110599e-01 1.000179672514865947e+00 1.130376320880177587e+00 1.271400547184601049e+00 1.423683318486279381e+00 1.587657194460470933e+00 1.763753036679035269e+00 1.952401725591351056e+00 2.154035156331461920e+00
9.733764663237898240e-02 1.191937047798277416e-01 1.432012340235422343e-01 1.693598300026769865e-01 1.976689274706920074e-01 2.280500054385329600e-01 2.607810907466256434e-01 2.973973296376934972e-01 3.388476249164127374e-01 3.862772287628843948e-01 4.412650293581978911e-01 5.057719925262106342e-01 5.823528425266492059e-01 6.740800171490917148e-01 7.749600778413474611e-01 8.854279590135571976e-01 1.005917729553813311e+00 1.136863595528094795e+00 1.278699822218217763e+00 1.431859916986848447e+00 1.596778706318480179e+00 1.773890019125349049e+00 1.963626824239887769e+00 2.166423867738244802e+00
9.776155808037112482e-02 1.197418968376022658e-01 1.438896262569756002e-01 1.702041900480916192e-01 1.986852516661456181e-01 2.292553804205534340e-01 2.621872403715025390e-01 2.990277274172911670e-01 3.407309010921683035e-01 3.884473127687861904e-01 4.437635662661508218e-01 5.086486867041073445e-01 5.856700550417958118e-01 6.779210949184629742e-01 7.793778351771052382e-01 8.904772928624968831e-01 1.011656291229089399e+00 1.143351571779408937e+00 1.285999800197082044e+00 1.440037142823015204e+00 1.605901123005122777e+00 1.784027509406240553e+00 1.974852707946401331e+00 2.178812914125275224e+00
9.818699331170774314e-02 1.202916459379823749e-01 1.445795206788820508e-01 1.710501258995920926e-01 1.997029555523406608e-01 2.304621185247414938e-01 2.635944358618346195e-01 3.006589684316957056e-01 3.426147972923391793e-01 3.906179249571008483e-01 4.462623761213999063e-01 5.115255144958863465e-01 5.889874881280653396e-01 6.817624963203864352e-01 7.837957494675312775e-01 8.955267915317404182e-01 1.017394844245343100e+00 1.149839563749365468e+00 1.293299898805503556e+00 1.448214541892141938e+00 1.615023409326400650e+00 1.794164934251548438e+00 1.986078056226927124e+00 2.191201669460967949e+00
9.861409181075790620e-02 1.208430820660912619e-01 1.452710300445515523e-01 1.718974936107860452e-01 2.007220375927966649e-01 2.316698326267074282e-01 2.650024480355697709e-01 3.022910209367009604e-01 3.444992581826054057e-01 3.927889125610551924e-01 4.487614086704391214e-01 5.144023677622407975e-01 5.923047989854646200e-01 6.856037794460444479e-01 7.882135145203469362e-01 9.005760698871037029e-01 1.023133448044220684e+00 1.156327322971242078e+00 1.300599696487059864e+00 1.456391375257489296e+00 1.624144947168636666e+00 1.804301838074956477e+00 1.997302751536165877e+00 2.203589414230318067e+00
9.904271281317897357e-02 1.213960178418581060e-01 1.459639670799239841e-01 1.727462290782103005e-01 2.017422595830449250e-01 2.328786457076154615e-01 2.664113730046681061e-01 3.039235503813234041e-01 3.463840772297097637e-01 3.949601406240863533e-01 4.512605338274999767e-01 5.172791493424234721e-01 5.956220761316418644e-01 6.894449403949388655e-01 7.926310366352153913e-01 9.056250747455076855e-01 1.028871593377186144e+00 1.162814664194242509e+00 1.307898670387121820e+00 1.464567358697071775e+00 1.633265730161737261e+00 1.814437272964971593e+00 2.008525995676496478e+00 2.215975862976555355e+00
9.947268757189950406e-02 1.219502322953759377e-01 1.466581627171856250e-01 1.735961102781309329e-01 2.027636021672925282e-01 2.340882118165426296e-01 2.678209539713470866e-01 3.055566546643190273e-01 3.482692467583695661e-01 3.971314027155586901e-01 4.537593420426115354e-01 5.201556732820473705e-01 5.989388713119810914e-01 6.932855132440681745e-01 7.970479663962675154e-01 9.106733473585042482e-01 1.034608712704727873e+00 1.169300787551081022e+00 1.315196491923962485e+00 1.472741805192843811e+00 1.642384707385222020e+00 1.824571074697082240e+00 2.019746956296292417e+00 2.228359321785093883e+00
9.990395398746225453e-02 1.225058242875998321e-01 1.473536934130343090e-01 1.744471826614249765e-01 2.037858751169797644e-01 2.352986405663139158e-01 2.692310354846780829e-01 3.071900500205468343e-01 3.501545237915735798e-01 3.993025161173487936e-01 4.562580411646918743e-01 5.230317711904284295e-01 6.022550719548636078e-01 6.971254922532116316e-01 8.014640616768857750e-01 9.157206536656483653e-01 1.040344859109513465e+00 1.175785795938605105e+00 1.322492758599927765e+00 1.480914825960944814e+00 1.651501779278205628e+00 1.834702624093172529e+00 2.030965456070795927e+00 2.240740449723434224e+00
1.003365636764843027e-01 1.230626187979879660e-01 1.480503856754272485e-01 1.752993388820628384e-01 2.048091183145873406e-01 2.365096400555016243e-01 2.706416509835046780e-01 3.088237328687510330e-01 3.520398735651135147e-01 4.014736155695754483e-01 4.587562707636289039e-01 5.259072977917725877e-01 6.055706983487519901e-01 7.009646496813775052e-01 8.058792005651126411e-01 9.207670046132330199e-01 1.046079526524161585e+00 1.182269198080366124e+00 1.329787442865045355e+00 1.489085553268569173e+00 1.660616596655723587e+00 1.844831330358676080e+00 2.042181007723843589e+00 2.253117671744447215e+00
1.007701390587826540e-01 1.236204113829678930e-01 1.487479760544430374e-01 1.761523122574020772e-01 2.058330660652471222e-01 2.377212419146484956e-01 2.720526344998485113e-01 3.104575682973662043e-01 3.539251174616823148e-01 4.036442979618281024e-01 4.612541051761521183e-01 5.287820277953910741e-01 6.088853434232250894e-01 7.048026495898525035e-01 8.102931426650226143e-01 9.258116242855086719e-01 1.051812588913805913e+00 1.188750600877020114e+00 1.337079584977587166e+00 1.497253798141759074e+00 1.669728240432353683e+00 1.854956648088476712e+00 2.053392813836306008e+00 2.265490797903383147e+00
1.012049170674822612e-01 1.241793848690859459e-01 1.494466290210536286e-01 1.770062431448785334e-01 2.068577578247716986e-01 2.389333692915209806e-01 2.734639361911094801e-01 3.120915457787712954e-01 3.558102982371927903e-01 4.058145798311925678e-01 4.637512477663590649e-01 5.316559852675183384e-01 6.121989639843337105e-01 7.086395331662170838e-01 8.147056561268894992e-01 9.308546432779388757e-01 1.057543773985189173e+00 1.195229724096586565e+00 1.344369356960755546e+00 1.505419162514697762e+00 1.678836660306407103e+00 1.865078429242953195e+00 2.064600286389569828e+00 2.277859146003616164e+00
1.016407063435910835e-01 1.247392886641289916e-01 1.501461420804399705e-01 1.778608656783313979e-01 2.078830648605739240e-01 2.401458329695828342e-01 2.748753034149649110e-01 3.137254375261567252e-01 3.576951334864378884e-01 4.079844260880784446e-01 4.662476455258875441e-01 5.345290167018579286e-01 6.155116708054749752e-01 7.124751305514500643e-01 8.191166525024736744e-01 9.358960791061136097e-01 1.063272943237165924e+00 1.201706560976292026e+00 1.351656614541487889e+00 1.513581669299979726e+00 1.687942079196734557e+00 1.875196449777294827e+00 2.075803773347901782e+00 2.290223340640584748e+00
1.020774801967539447e-01 1.253001616080870462e-01 1.508465185732794089e-01 1.787162677244818199e-01 2.089088957005700020e-01 2.413586344447233578e-01 2.762868507601624612e-01 3.153592321176789115e-01 3.595796621721594200e-01 4.101537499718179158e-01 4.687431864945081905e-01 5.374010094635232049e-01 6.188227968027947279e-01 7.163090545513234320e-01 8.235258105213443258e-01 9.409352936703543335e-01 1.068999540092116174e+00 1.208180663422613987e+00 1.358940429531971583e+00 1.521740361908137329e+00 1.697042872562721127e+00 1.885309734427927042e+00 2.087001791980969134e+00 2.302581376801843493e+00
1.025150997029091876e-01 1.258617573662605127e-01 1.515476215911915892e-01 1.795722542827701829e-01 2.099351996524496666e-01 2.425716673991373529e-01 2.776984131260548105e-01 3.169927901951936633e-01 3.614636914660473987e-01 4.123223117174659169e-01 4.712379141923886960e-01 5.402717841763774453e-01 6.221326484765461462e-01 7.201414448503694610e-01 8.279329625907211332e-01 9.459723356751733592e-01 1.074723861869932184e+00 1.214651871423355844e+00 1.366221226222434248e+00 1.529895353892910981e+00 1.706139819330315666e+00 1.895418429778623848e+00 2.098195055943605336e+00 2.314933666720393024e+00
1.029535499453265862e-01 1.264241817328847495e-01 1.522494089999833766e-01 1.804287982674612767e-01 2.109618980458619342e-01 2.437848703816065665e-01 2.791099546580910751e-01 3.186261108449406909e-01 3.633473649912371539e-01 4.144901226754283408e-01 4.737314967119843900e-01 5.431413233018476117e-01 6.254411153209080698e-01 7.239721147618009001e-01 8.323382400949558280e-01 9.510070130687500178e-01 1.080445233025712826e+00 1.221120034486167238e+00 1.373498356737124615e+00 1.538046594040071824e+00 1.715232530775004705e+00 1.905522303707509302e+00 2.109382271119990104e+00 2.327279636831881326e+00
1.033928010846233009e-01 1.269874184819103635e-01 1.529518785035047512e-01 1.812858495129656411e-01 2.119890301860140047e-01 2.449982306273969235e-01 2.805214918987729567e-01 3.202591581024602507e-01 3.652304038215885562e-01 4.166572537669592791e-01 4.762240856572778624e-01 5.460095514710897602e-01 6.287478950143301493e-01 7.278009214451084397e-01 8.367414247016823348e-01 9.560393052628596289e-01 1.086164003115315024e+00 1.227585018961814489e+00 1.380771949397229248e+00 1.546193702316221774e+00 1.724320250688923029e+00 1.915620912748914106e+00 2.120564053502749680e+00 2.339619384614761266e+00
1.038327592006440675e-01 1.275512134581776869e-01 1.536548248892533608e-01 1.821433347524930302e-01 2.130163182308629777e-01 2.462116282463053807e-01 2.819327541564451978e-01 3.218917688628379903e-01 3.671127748103591437e-01 4.188233189245718080e-01 4.787154592594031199e-01 5.488763354435098885e-01 6.320529782104232774e-01 7.316277720742541124e-01 8.411422051486644458e-01 9.610688124401181032e-01 1.091879542992492125e+00 1.234046408754144508e+00 1.388041360551123704e+00 1.554335961773007702e+00 1.733402877015642440e+00 1.925713601983701784e+00 2.131738989730278977e+00 2.351951444049952045e+00
1.042733631483867135e-01 1.281156220800978296e-01 1.543583272570269727e-01 1.830012258109501022e-01 2.140438226564409518e-01 2.474249935246287391e-01 2.833437784097992407e-01 3.235239272609850003e-01 3.689944073697128957e-01 4.209884027928771921e-01 4.812056753724884839e-01 5.517414840676568843e-01 6.353562946411436263e-01 7.354524999495971604e-01 8.455405859203679597e-01 9.660954539989204948e-01 1.097591836777629171e+00 1.240504271794033997e+00 1.395306914368845019e+00 1.562473814831526919e+00 1.742480483252282442e+00 1.935800402495089001e+00 2.142907818925478214e+00 2.364276942277127702e+00
1.047146870947299885e-01 1.286806872047218386e-01 1.550623881537340487e-01 1.838594051129288365e-01 2.150715092677353280e-01 2.486382293943884547e-01 2.847545754825500097e-01 3.251555858536733790e-01 3.708753936087987868e-01 4.231525542425400577e-01 4.836944120126099311e-01 5.546052235083825943e-01 6.386577130761984522e-01 7.392749957563927721e-01 8.499363565603005322e-01 9.711194889413748976e-01 1.103301067257524526e+00 1.246958251966163278e+00 1.402568006542568302e+00 1.570606902179659148e+00 1.751552459997381517e+00 1.945881349330230936e+00 2.154069798823956106e+00 2.376594507264263356e+00
1.051566442207034768e-01 1.292462115868111272e-01 1.557668042018427734e-01 1.847179404703274408e-01 2.160993214587977884e-01 2.498514577906205403e-01 2.861649531732187723e-01 3.267866655961355060e-01 3.727554926334437080e-01 4.253155716764261962e-01 4.861819740639158893e-01 5.574671402514925767e-01 6.419572937763554643e-01 7.430953462926157549e-01 8.543297793623452208e-01 9.761402298860122340e-01 1.109006721324202083e+00 1.253408343001473302e+00 1.409824706235107916e+00 1.578734882454990274e+00 1.760619079841964307e+00 1.955956124107206540e+00 2.165224725150538987e+00 2.388904654946963024e+00
1.055991327239881733e-01 1.298122639463676342e-01 1.564715399518179229e-01 1.855766738347478240e-01 2.171271801942142865e-01 2.510644509071680019e-01 2.875750434647418308e-01 3.284171514348804832e-01 3.746347281751586933e-01 4.274775346346554317e-01 4.886679488015183148e-01 5.603274846710594170e-01 6.452547905850345433e-01 7.469133116991423238e-01 8.587202138473567503e-01 9.811580533561422568e-01 1.114708784486639459e+00 1.259854432933521950e+00 1.417076966563603158e+00 1.586857784084934053e+00 1.769679763965138042e+00 1.966024231004399603e+00 2.176372394024184143e+00 2.401206534721201713e+00
1.060419842971152965e-01 1.303786127989805255e-01 1.571766079809202299e-01 1.864354947849707067e-01 2.181550612429278835e-01 2.522772014427811516e-01 2.889846885090469053e-01 3.300470002260293412e-01 3.765130940072577981e-01 4.296381627913633539e-01 4.911525631103163536e-01 5.631859828392338230e-01 6.485501535077764501e-01 7.507288531295136513e-01 8.631079165769978134e-01 9.861725318218936831e-01 1.120407152070621137e+00 1.266296143322860557e+00 1.424324123125186636e+00 1.594975161452045764e+00 1.778734308669679853e+00 1.976085369460464092e+00 2.187512803573933962e+00 2.413500065640863834e+00
1.064854816005736809e-01 1.309455318496789145e-01 1.578820068657224018e-01 1.872945581732779474e-01 2.191829207520299416e-01 2.534897652596643236e-01 2.903938827311965953e-01 3.316760433240081851e-01 3.783904500500047674e-01 4.317976836630102455e-01 4.936355470894422393e-01 5.660426772167785892e-01 6.518434107311651404e-01 7.545417363115376475e-01 8.674928018803375052e-01 9.911835935209631909e-01 1.126101629170353391e+00 1.272733632798730863e+00 1.431566557607727219e+00 1.603086954604797665e+00 1.787782546948859297e+00 1.986139639404551627e+00 2.198645004140715287e+00 2.425785178051693691e+00
1.069293303911802995e-01 1.315127617231139356e-01 1.585876556039043095e-01 1.881537201780290602e-01 2.202106952315355526e-01 2.547020096011171075e-01 2.918025058809321504e-01 3.333044735234398925e-01 3.802668320771975252e-01 4.339558555080286206e-01 4.961169380199089152e-01 5.688974457337315771e-01 6.551344125462712498e-01 7.583522129279343105e-01 8.718744287776143409e-01 9.961912416532872072e-01 1.131792244893227162e+00 1.279166644550947751e+00 1.438804049480034486e+00 1.611193159695608168e+00 1.796824540016511040e+00 1.996187187323574586e+00 2.209769418988660750e+00 2.438061416907861378e+00
1.073735862480134501e-01 1.320802005286286773e-01 1.592934568018636865e-01 1.890128891218056661e-01 2.212383015399743691e-01 2.559138633034566124e-01 2.932105965818958548e-01 3.349319702909410723e-01 3.821420380970638186e-01 4.361126213783459993e-01 4.985968584017954619e-01 5.717502472776917477e-01 6.584232219108042683e-01 7.621599353014189004e-01 8.762532962476478060e-01 1.001195561159351044e+00 1.137478790840307674e+00 1.285594986958102703e+00 1.446036096343001232e+00 1.619293480213437553e+00 1.805860038988621463e+00 2.006227065504821994e+00 2.220885933967628123e+00 2.450328546715438538e+00
1.078182438932979992e-01 1.326480920781904493e-01 1.599994969162862601e-01 1.898721755600291383e-01 2.222657970572894381e-01 2.571254073764074333e-01 2.946180804102486728e-01 3.365586781125859406e-01 3.840162591630556510e-01 4.382681191734968951e-01 5.010749210834363199e-01 5.746011273005787734e-01 6.617095928464307164e-01 7.659650516065182879e-01 8.806288353795928003e-01 1.006196112167004664e+00 1.143161293924848998e+00 1.292018707601437555e+00 1.453263119298599415e+00 1.627388038763271094e+00 1.814889036367312247e+00 2.016259701470084931e+00 2.231994079579725732e+00 2.462586569847103224e+00
1.082632886969419478e-01 1.332161326918941124e-01 1.607056510683688988e-01 1.907313835239480004e-01 2.232931443662136417e-01 2.583365326289188135e-01 2.960249541925008554e-01 3.381846230156852484e-01 3.858894523215553596e-01 4.404222341591587653e-01 5.035514189421719244e-01 5.774499677799735942e-01 6.649937658182965006e-01 7.697673831666541622e-01 8.850014354146432671e-01 1.011193147081498989e+00 1.148839546321493099e+00 1.298437771785845296e+00 1.460484760699389151e+00 1.635476493230726636e+00 1.823911217767862247e+00 2.026285211814879528e+00 2.243094232229561502e+00 2.474835953276107503e+00
1.087085879637709057e-01 1.337844255205505595e-01 1.614118458931732003e-01 1.915905952835801618e-01 2.243202076876651963e-01 2.595471968124977713e-01 2.974311000219215240e-01 3.398095044402298370e-01 3.877613311159585074e-01 4.425748196600123863e-01 5.060260129950907571e-01 5.802966105177600475e-01 6.682754055928440406e-01 7.735668395000034891e-01 8.893705486710569152e-01 1.016186396155918326e+00 1.154513749663181432e+00 1.304852062501087540e+00 1.467700735208405938e+00 1.643558936531696713e+00 1.832926523371128491e+00 2.036302410016352482e+00 2.254185623840953223e+00 2.487075553568347974e+00
1.091542151509123093e-01 1.343529440938439068e-01 1.621182680728057712e-01 1.924496567300842675e-01 2.253470782167757147e-01 2.607574284595089442e-01 2.988366646514791780e-01 3.414336064128564718e-01 3.896321230276771352e-01 4.447260462420462024e-01 5.084989380836101303e-01 5.831413774246319015e-01 6.715546728189261128e-01 7.773635682706223626e-01 8.937366090374834204e-01 1.021175834128906557e+00 1.160183550793545626e+00 1.311261551479592891e+00 1.474911549181920689e+00 1.651635181535292096e+00 1.841934781289963130e+00 2.046312326488409994e+00 2.265268555179638987e+00 2.499305733840496480e+00
1.095999616313402397e-01 1.349215269844064036e-01 1.628244776203713051e-01 1.933086237626572834e-01 2.263735871572455371e-01 2.619671510717936358e-01 3.002413949007991523e-01 3.430566844533411430e-01 3.915015985705689316e-01 4.468757123683325116e-01 5.109700350953380044e-01 5.859837810033494687e-01 6.748312810201820833e-01 7.811573877288126022e-01 8.980991029931580938e-01 1.026161693832084110e+00 1.165849014487166713e+00 1.317665961419694831e+00 1.482116744470154401e+00 1.659704939380789890e+00 1.850936287292768601e+00 2.056314308770666788e+00 2.276342585827653586e+00 2.511525656161773590e+00
1.100461056842700902e-01 1.354903744170001811e-01 1.635309148779170441e-01 1.941675420132579766e-01 2.273997969304284439e-01 2.631762698553100077e-01 3.016454989797487940e-01 3.446787793586284510e-01 3.933699439854770885e-01 4.490238213448790039e-01 5.134393618008523674e-01 5.888242108156637178e-01 6.781054537893655976e-01 7.849480667229356001e-01 9.024582156204680183e-01 1.031143358738309423e+00 1.171509809235809607e+00 1.324065106659565227e+00 1.489315945911496852e+00 1.667768383332898008e+00 1.859930270337515346e+00 2.066307971364736762e+00 2.287407760356675368e+00 2.523736040528801183e+00
1.104923650968051840e-01 1.360592416612155520e-01 1.642372517118707298e-01 1.950262148460029932e-01 2.284257587548539359e-01 2.643848544416553259e-01 3.030487818256581423e-01 3.462999143516409806e-01 3.952368809352395096e-01 4.511703525385781788e-01 5.159066977560299305e-01 5.916622379720732905e-01 6.813771056566427786e-01 7.887360621110421910e-01 9.068140906840066462e-01 1.036120943997677957e+00 1.177166372692400431e+00 1.330459427184136345e+00 1.496509599224363773e+00 1.675825224933338076e+00 1.868917209943944169e+00 2.076293823654645987e+00 2.298463792580828002e+00 2.535936627076203376e+00
1.109389511845332577e-01 1.366282498905596610e-01 1.649436350628532832e-01 1.958847394535955522e-01 2.294512574332306376e-01 2.655928701727963692e-01 3.044512237404531363e-01 3.479198825107832627e-01 3.971025543718874062e-01 4.533152613647778995e-01 5.183721711440645308e-01 5.944980617210282592e-01 6.846461135294971134e-01 7.925207650887919897e-01 9.111662073865720579e-01 1.041094841869192988e+00 1.182818417653445975e+00 1.336848425026205600e+00 1.503697168560675701e+00 1.683875653790639859e+00 1.877896911899350707e+00 2.086271465095872912e+00 2.309510906126793106e+00 2.548127236487584213e+00
1.113855605867020565e-01 1.371973230870486005e-01 1.656499927845238029e-01 1.967430480766637901e-01 2.304764869139580563e-01 2.668003600539135545e-01 3.058528886412331671e-01 3.495388808846279227e-01 3.989669799725820698e-01 4.554587221509042161e-01 5.208357604789279893e-01 5.973317233471793219e-01 6.879126023614403618e-01 7.963027072440885812e-01 9.155150824721602909e-01 1.046064585635128052e+00 1.188465589072518869e+00 1.343232412246227803e+00 1.510879139947863825e+00 1.691919590492428682e+00 1.886869083009572456e+00 2.096240999973217889e+00 2.320549218614308185e+00 2.560307779146359319e+00
1.118324496592637413e-01 1.377665044172853848e-01 1.663561689146209055e-01 1.976012186237665336e-01 2.315012031554005700e-01 2.680071675669447595e-01 3.072537264685203384e-01 3.511568799139463959e-01 4.008300393879291601e-01 4.576004035299326977e-01 5.232974188973428253e-01 6.001631005260795737e-01 6.911762368526551681e-01 8.000811907946339119e-01 9.198602564718332264e-01 1.051030305946601073e+00 1.194108155230603208e+00 1.349610928063641024e+00 1.518055008537576800e+00 1.699956678568204094e+00 1.895833532624905615e+00 2.106202019425086558e+00 2.331577661934694845e+00 2.572477594915655530e+00
1.122792371534406392e-01 1.383355036987835573e-01 1.670622113999055969e-01 1.984590015573865496e-01 2.325255783546683608e-01 2.692133067472444186e-01 3.086536707251645306e-01 3.527737234799609989e-01 4.026917078917526815e-01 4.597405593539777846e-01 5.257570741471592202e-01 6.029921776003362988e-01 6.944373653618891584e-01 8.038568307053776119e-01 9.242018517432074587e-01 1.055991756255177050e+00 1.199746165069173642e+00 1.355984160958809026e+00 1.525224938529058605e+00 1.707987060339251073e+00 1.904790790573326342e+00 2.116154636550715562e+00 2.342597203469540368e+00 2.584637459381657010e+00
1.127262263443828960e-01 1.389046731920698385e-01 1.677682344451116858e-01 1.993165321552538560e-01 2.335494275075249149e-01 2.704187794448623672e-01 3.100527409936268963e-01 3.543893441230254737e-01 4.045520591139656341e-01 4.618789337292413255e-01 5.282147603499673938e-01 6.058189121125232557e-01 6.976957319382095513e-01 8.076293050224070402e-01 9.285396324006655044e-01 1.060949309163828014e+00 1.205379441053119782e+00 1.362352063527635604e+00 1.532388842662948614e+00 1.716010610620493981e+00 1.913740296416944986e+00 2.126098875614816031e+00 2.353607203605379894e+00 2.596786926551072572e+00
1.131734289119732256e-01 1.394738377065324331e-01 1.684741260381803774e-01 2.001738593522270626e-01 2.345728145420725719e-01 2.716236713052972984e-01 3.114509437223868527e-01 3.560039889309324912e-01 4.064110335789731243e-01 4.640157446017246223e-01 5.306703576448578152e-01 6.086432347936268084e-01 7.009513381066535542e-01 8.113987121199679464e-01 9.328741275528039667e-01 1.065902456398345688e+00 1.211007926171385751e+00 1.368714713922075443e+00 1.539546758100076795e+00 1.724027526210967221e+00 1.922682423323527789e+00 2.136034672017612657e+00 2.364607787446396436e+00 2.608926111974527728e+00
1.136204935253495724e-01 1.400428763422933709e-01 1.691797624105121911e-01 2.010307786919544870e-01 2.355957056420253104e-01 2.728277685830302057e-01 3.128482722190863430e-01 3.576174515663276821e-01 4.082685530013368536e-01 4.661508185676390137e-01 5.331239885668794809e-01 6.114653322327348040e-01 7.042043059429160534e-01 8.151646521482912577e-01 9.372048639380647916e-01 1.070851485319425533e+00 1.216631691034786966e+00 1.375071765481393316e+00 1.546698274063611267e+00 1.732037338004005944e+00 1.931616437531865627e+00 2.145961656636806048e+00 2.375598765100157994e+00 2.621054567895595433e+00
1.140678924003905442e-01 1.406120628579282938e-01 1.698853082038740692e-01 2.018874828985485204e-01 2.366181457754041040e-01 2.740311317496646470e-01 3.142446016294091482e-01 3.592296169955321861e-01 4.101246402726890783e-01 4.682840856857473644e-01 5.355756237840347822e-01 6.142849457979416838e-01 7.074544341179899165e-01 8.189276253745725320e-01 9.415316462734628633e-01 1.075796478445229853e+00 1.222250581144261883e+00 1.381423368901771198e+00 1.553843880631635477e+00 1.740040303584464709e+00 1.940542975171350992e+00 2.155880233947921720e+00 2.386580297255620486e+00 2.633172426428662227e+00
1.145151390854192430e-01 1.411809924719723830e-01 1.705906232321705573e-01 2.027437462064833329e-01 2.376400807325406150e-01 2.752338121477372335e-01 3.156398964704456578e-01 3.608406927135944797e-01 4.119793032537948374e-01 4.704157130013915666e-01 5.380252127949689545e-01 6.171022162889173712e-01 7.107017906030232979e-01 8.226871652080023356e-01 9.458550690150238083e-01 1.080736785242867315e+00 1.227864572434681723e+00 1.387769438914704168e+00 1.560983042941249010e+00 1.748036215362383627e+00 1.949461773596789405e+00 2.165789863843950336e+00 2.397552006493292254e+00 2.645279490479832241e+00
1.149623971874978862e-01 1.417497901365615265e-01 1.712957079952905082e-01 2.035996626907982110e-01 2.386614450324092973e-01 2.764356538465433943e-01 3.170344281226042948e-01 3.624506506648685900e-01 4.138325347676955479e-01 4.725455966158943477e-01 5.404728210306151137e-01 6.199169772257994149e-01 7.139464198590173005e-01 8.264437200947710727e-01 9.501745383947522994e-01 1.085673271849304955e+00 1.233473778376100061e+00 1.394110027593655765e+00 1.568116340342390780e+00 1.756025618021966439e+00 1.958372490890353923e+00 2.175691235110214894e+00 2.408514558225180124e+00 2.657376404515872537e+00
1.154097074464959377e-01 1.423186478769369878e-01 1.720005559592835964e-01 2.044551523013946048e-01 2.396822540954628711e-01 2.776368849713962694e-01 3.184278197344077022e-01 3.640592183446630936e-01 4.156841897525466178e-01 4.746736126170628123e-01 5.429182206508081920e-01 6.227294728086847364e-01 7.171881893111049511e-01 8.301969178405435024e-01 9.544902529677946612e-01 1.090605205094770325e+00 1.239078088704163916e+00 1.400445139899728630e+00 1.575243118435882606e+00 1.764007354343019474e+00 1.967275565228577605e+00 2.185583424368980232e+00 2.419466943069306097e+00 2.669462075106896926e+00
1.158570449276993958e-01 1.428874790837735276e-01 1.727053083789551469e-01 2.053103800975500381e-01 2.407025149052557378e-01 2.788372276148726181e-01 3.198203213299811720e-01 3.656667983877963102e-01 4.175344756691978798e-01 4.768001431389859435e-01 5.453617153317736888e-01 6.255393459937218514e-01 7.204272475151725086e-01 8.339468339032075628e-01 9.588023854351802600e-01 1.095532859356302069e+00 1.244677347897637842e+00 1.406774733665943966e+00 1.582363654447052070e+00 1.771982468017990531e+00 1.976170949033976942e+00 2.195467423548539188e+00 2.430409661895833739e+00 2.681537201683621863e+00
1.163042542402589197e-01 1.434559780520751893e-01 1.734096361747669013e-01 2.061650795957942484e-01 2.417221324036923358e-01 2.800367909978310754e-01 3.212117430605025969e-01 3.672729748891922497e-01 4.193832182974866485e-01 4.789246387441120079e-01 5.478028987970285923e-01 6.283469488551336468e-01 7.236632565687495244e-01 8.376935190384946495e-01 9.631105682473546370e-01 1.100456123488308124e+00 1.250271916264233285e+00 1.413098524764152097e+00 1.589477777550889481e+00 1.779950294391641208e+00 1.985058092344915037e+00 2.205342150144453228e+00 2.441342918224481462e+00 2.693601451887892129e+00
1.167516107415305232e-01 1.440244608694035977e-01 1.741138225279070806e-01 2.070194874759038184e-01 2.427411888653165928e-01 2.812356782695925039e-01 3.226023185534547255e-01 3.688778963475274342e-01 4.212304759338003080e-01 4.810474525948151836e-01 5.502421833013607655e-01 6.311521769282670835e-01 7.268966309058555453e-01 8.414369992906490792e-01 9.674150833880252875e-01 1.105375390229198729e+00 1.255861372083856731e+00 1.419416961181104719e+00 1.596586078301670986e+00 1.787911152217807498e+00 1.993937684830786372e+00 2.215208467886993216e+00 2.452266373789591114e+00 2.705655371610665938e+00
1.171988234132166629e-01 1.445926777502826166e-01 1.748176779084370802e-01 2.078734049563580877e-01 2.437596659370271368e-01 2.824336777371019291e-01 3.239917240904151563e-01 3.704817042490535228e-01 4.230762956019507581e-01 4.831685303207690629e-01 5.526791222821773042e-01 6.339547530090239302e-01 7.301271425975933704e-01 8.451769436506038069e-01 9.717158440316310264e-01 1.110289938866785731e+00 1.261445812287265378e+00 1.425729670392287263e+00 1.603687471219807481e+00 1.795864888559290051e+00 2.002809047707646339e+00 2.225065593852555423e+00 2.463179842604116931e+00 2.717698215000532436e+00
1.176459071627404818e-01 1.451607970070179776e-01 1.755212403458849824e-01 2.087268835652094923e-01 2.447775368122030448e-01 2.836307697660618854e-01 3.253801743944484959e-01 3.720841742079583625e-01 4.249205854639995228e-01 4.852878015393521371e-01 5.551141005049066157e-01 6.367549789178160724e-01 7.333548543019536847e-01 8.489138234759231461e-01 9.760125568614044234e-01 1.115200277728087830e+00 1.267025491190701736e+00 1.432036824558764909e+00 1.610782863214690996e+00 1.803811723521180355e+00 2.011672761722971714e+00 2.234914042708399329e+00 2.474083777989708022e+00 2.729730121770834295e+00
1.180931303679105121e-01 1.457288423198951910e-01 1.762244628109694566e-01 2.095798812718664139e-01 2.457947662270003608e-01 2.848271344833241403e-01 3.267676559869507336e-01 3.736854256679576491e-01 4.267633671376191429e-01 4.874051798502844202e-01 5.575470648426454900e-01 6.395528423827405717e-01 7.365796492193920075e-01 8.526472570458648592e-01 9.803057756251311039e-01 1.120106344869585158e+00 1.272600249419608476e+00 1.438338359759660845e+00 1.617872099111556938e+00 1.811751399080769875e+00 2.020528468833142188e+00 2.244753815636391980e+00 2.484977613276150077e+00 2.741751158471916749e+00
1.185401822247163645e-01 1.462966874012313345e-01 1.769274531565346587e-01 2.104325264132110018e-01 2.468114076133058610e-01 2.860226333086352546e-01 3.281539188833256793e-01 3.752854496502106563e-01 4.286045214717334462e-01 4.895208379614550687e-01 5.599777995574957146e-01 6.423480057648586206e-01 7.398015487934214152e-01 8.563773376398010617e-01 9.845949758980027111e-01 1.125007859741626870e+00 1.278169887964303308e+00 1.444634373032067876e+00 1.624954554021097231e+00 1.819683599845830502e+00 2.029375971341801144e+00 2.254584383110551205e+00 2.495861667261548344e+00 2.753761569186669700e+00
1.189871302136812498e-01 1.468642708827064824e-01 1.776301537952540976e-01 2.112846756356706879e-01 2.478274109162817707e-01 2.872173274158984491e-01 3.295392672995978711e-01 3.768841043021401438e-01 4.304443055208181934e-01 4.916346634714066077e-01 5.624065078265950701e-01 6.451408788154472385e-01 7.430205556297228009e-01 8.601043099163102612e-01 9.888803088411348696e-01 1.129905066092678378e+00 1.283734559320724111e+00 1.450924518625733572e+00 1.632030812759942995e+00 1.827609053028275810e+00 2.038215696466044058e+00 2.264406321608284145e+00 2.506735957722912467e+00 2.765760774497556973e+00
1.194339085000904327e-01 1.474315989802359173e-01 1.783324179245649177e-01 2.121362655804361341e-01 2.488427176138292563e-01 2.884111651096796236e-01 3.309235456301093947e-01 3.784814799750996772e-01 4.322824471165322979e-01 4.937466675285178686e-01 5.648329410412977758e-01 6.479312429452331878e-01 7.462368176819510479e-01 8.638277141615237076e-01 9.931619049071561678e-01 1.134797808435166866e+00 1.289294190720654765e+00 1.457209019160014218e+00 1.639100582117063887e+00 1.835526909287799047e+00 2.047047112654033274e+00 2.274219214640983644e+00 2.517600192500122347e+00 2.777749124626845756e+00
1.198807104023642683e-01 1.479988226340187563e-01 1.790344202964976039e-01 2.129874071598547580e-01 2.498573600039672438e-01 2.896041930614306481e-01 3.323067008655693488e-01 3.800776599840671177e-01 4.341190521856929663e-01 4.958568492776230796e-01 5.672572759036461632e-01 6.507190142586957160e-01 7.494501380425592219e-01 8.675479241318057033e-01 9.974395100292852145e-01 1.139686279044064499e+00 1.294848675426783169e+00 1.463487861129389334e+00 1.646164164588804102e+00 1.843437811470495236e+00 2.055871010943200794e+00 2.284023296349816157e+00 2.528454504506215450e+00 2.789726655049634907e+00
1.203273311129216677e-01 1.485657927916955723e-01 1.797360856908022941e-01 2.138380253908554463e-01 2.508713647568641125e-01 2.907963435256816775e-01 3.336889033754268374e-01 3.816724706935238909e-01 4.359542191476122874e-01 4.979651958559300207e-01 5.696796806756189158e-01 6.535044074264879654e-01 7.526606293324811237e-01 8.712649539874954829e-01 1.001713571805056713e+00 1.144570457011854447e+00 1.300398672112169862e+00 1.469761203810644679e+00 1.653221399082001941e+00 1.851341927436592538e+00 2.064686757334832201e+00 2.293818511549741590e+00 2.539299719270685429e+00 2.801693335353106828e+00
1.207738921245894714e-01 1.491325029877726693e-01 1.804373318197029785e-01 2.146881298416639383e-01 2.518847529121963635e-01 2.919875395713715793e-01 3.350699678809115900e-01 3.832659759985760917e-01 4.377877704580406260e-01 5.000716823891112606e-01 5.720997112235935989e-01 6.562873094717347477e-01 7.558682223061169436e-01 8.749782696978447571e-01 1.005983604983058388e+00 1.149449908526908537e+00 1.305943218078173373e+00 1.476028548071635749e+00 1.660272081533366917e+00 1.859238481218903782e+00 2.073494355984282222e+00 2.303604750272474355e+00 2.550134363199904719e+00 2.813649069222165178e+00
1.212202444632934778e-01 1.496990186014268975e-01 1.811383229025119723e-01 2.155378178899259867e-01 2.528973370272828425e-01 2.931779147968752164e-01 3.364499324760734655e-01 3.848582327482971688e-01 4.396196486421925509e-01 5.021764156026825576e-01 5.745176581607202015e-01 6.590677499857182653e-01 7.590728288517960554e-01 8.786883667474393311e-01 1.010249645366130711e+00 1.154325133015220661e+00 1.311482915408693550e+00 1.482290614309623944e+00 1.667316404040788180e+00 1.867127773039229943e+00 2.082294001222860125e+00 2.313382092634796994e+00 2.560959396458796000e+00 2.825593432674252892e+00
1.216665720913217008e-01 1.502653263048542853e-01 1.818388827271229802e-01 2.163869970987251923e-01 2.539093268769285761e-01 2.943673785165789036e-01 3.378288286758502346e-01 3.864491631186520171e-01 4.414501932846575660e-01 5.042793496132236264e-01 5.769335016722678677e-01 6.618457451348307430e-01 7.622746822347513662e-01 8.823953785165253860e-01 1.014512269382386478e+00 1.159196032279957711e+00 1.317017538493296058e+00 1.488547048163415099e+00 1.674354528054812663e+00 1.875010530521292962e+00 2.091085609643353660e+00 2.323150817431506976e+00 2.571774475525967496e+00 2.837527773576584700e+00
1.221126494586178557e-01 1.508313313941583855e-01 1.825389970591996536e-01 2.172355672525271286e-01 2.549206237468962244e-01 2.955559422519559165e-01 3.392066814135076269e-01 3.880388071892592050e-01 4.432790586750541828e-01 5.063804265151332640e-01 5.793472092169780208e-01 6.646211349054345074e-01 7.654736637152349532e-01 8.860988839487243807e-01 1.018770729380910733e+00 1.164062677968694892e+00 1.322547444340955058e+00 1.494797668020162451e+00 1.681386139058368201e+00 1.882885612584954682e+00 2.099869531084138430e+00 2.332910169118298072e+00 2.582579706811975573e+00 2.849450763699364675e+00
1.225587248888364428e-01 1.513971658238340012e-01 1.832388195687209009e-01 2.180836102186417824e-01 2.559312239960880309e-01 2.967437235834594067e-01 3.405833882520241107e-01 3.896271979853336842e-01 4.451064322806919660e-01 5.084797230175659433e-01 5.817588907822643929e-01 6.673942329768713932e-01 7.686698081702905139e-01 8.897991566645762074e-01 1.023025564204280924e+00 1.168924723339839433e+00 1.328071938198503554e+00 1.501042472424305663e+00 1.688411552124613912e+00 1.890753670375253881e+00 2.108645358091096877e+00 2.342661073857126741e+00 2.593375147137167769e+00 2.861363117588267002e+00
1.230045638754732329e-01 1.519627269517084267e-01 1.839383301691381312e-01 2.189312052990051716e-01 2.569411183411587918e-01 2.979304982330767126e-01 3.419590800796201147e-01 3.912142311819942209e-01 4.469322198960521408e-01 5.105770125373734203e-01 5.841681789133731373e-01 6.701646885876103577e-01 7.718631363384613753e-01 8.934960957074756793e-01 1.027276543446573598e+00 1.173782587898822172e+00 1.333591947024552749e+00 1.507282081619958136e+00 1.695430606343092172e+00 1.898614867178427534e+00 2.117413359527188454e+00 2.352403178570318776e+00 2.604161064158579730e+00 2.873264705928784579e+00
1.234501324396579947e-01 1.525278270202551634e-01 1.846372415973147607e-01 2.197781405199817906e-01 2.579502918544681056e-01 2.991164844920302657e-01 3.433336396233834797e-01 3.927999230191041025e-01 4.487565958313312620e-01 5.126726470544457070e-01 5.865756292426418383e-01 6.729327930483566256e-01 7.750534799457992063e-01 8.971895802943452569e-01 1.031523603060503058e+00 1.178635876050065479e+00 1.339106509591677208e+00 1.513515574297287225e+00 1.702443331237374569e+00 1.906468626374070441e+00 2.126173281727507192e+00 2.362136075332598395e+00 2.614936896390468224e+00 2.885155611739699477e+00
1.238956747132817227e-01 1.530928247007467824e-01 1.853358713462612273e-01 2.206245810663762241e-01 2.589587239621161663e-01 3.003014427628125649e-01 3.447070629752650994e-01 3.943842826747438468e-01 4.505791671837014456e-01 5.147663799533428453e-01 5.889806925119974723e-01 6.756983314643906224e-01 7.782410039388515388e-01 9.008798395169459461e-01 1.035766851878783257e+00 1.183484766906934160e+00 1.344616303460072437e+00 1.519743736164861803e+00 1.709449496817627701e+00 1.914315270738129460e+00 2.134925071115605366e+00 2.371860066980025383e+00 2.625702546479821820e+00 2.897035048401773505e+00
1.243410129795989999e-01 1.536575264238081717e-01 1.860340983069898591e-01 2.214704970802670314e-01 2.599664948471580028e-01 3.014855821804072189e-01 3.460794637415724462e-01 3.959674452252839871e-01 4.524003730388085343e-01 5.168582498956925120e-01 5.913837510867600011e-01 6.784614077587624026e-01 7.814256866171761517e-01 9.045667204016686336e-01 1.040006383181946159e+00 1.188329423330333867e+00 1.350120937315316461e+00 1.525966018047006711e+00 1.716449527339511283e+00 1.922154858365779040e+00 2.143668882503429796e+00 2.381575679062275075e+00 2.636458930558358560e+00 2.908903803718670744e+00
1.247861047932157380e-01 1.542218907973968434e-01 1.867318835561618817e-01 2.223158535230133348e-01 2.609735747722777832e-01 3.026688798722069196e-01 3.474507023793534377e-01 3.975491406837936004e-01 4.542199424968640931e-01 5.189484392196994644e-01 5.937847056068473739e-01 6.812221169129879517e-01 7.846074921267324198e-01 9.082504248253743251e-01 1.044241882175224179e+00 1.193169581576991156e+00 1.355620842144820593e+00 1.532182944376275113e+00 1.723442901050461273e+00 1.929987415478370938e+00 2.152405087391920713e+00 2.391282116550680126e+00 2.647205338251333195e+00 2.920762083345286975e+00
